2 0.478515625 0.7712685185185185 0.03295833333333333 0.06461574074074074
3 0.5581067708333334 0.7795138888888888 0.03372135416666667 0.07286111111111111
2 0.3825677083333333 0.5920138888888888 0.03295833333333333 0.06586574074074074
2 0.6499036458333334 0.6844629629629629 0.03655989583333333 0.06260648148148147
2 0.5341796875 0.4327268518518519 0.037200520833333334 0.06282407407407407
2 0.5771484375 0.5694444444444444 0.03561458333333333 0.07139814814814814
2 0.6840833333333334 0.39431481481481484 0.03573697916666666 0.0692824074074074
2 0.57421875 0.39952314814814816 0.03948958333333333 0.07101851851851852
2 0.3752447916666667 0.2899305555555556 0.03948958333333333 0.06429166666666666
2 0.677734375 0.6015648148148148 0.0390625 0.0634212962962963
2 0.6831067708333334 0.1505 0.04113802083333333 0.07275462962962963
2 0.6328125 0.15375462962962963 0.03881770833333333 0.0791574074074074
2 0.634765625 0.27864814814814814 0.03796354166666667 0.059842592592592586
2 0.4743645833333333 0.21245833333333333 0.038117187500000003 0.07221296296296296
2 0.4309088541666667 0.453125 0.0348203125 0.06836111111111111
2 0.3823255208333334 0.4960925925925926 0.03247135416666667 0.06060185185185185
2 0.671875 0.4882824074074074 0.03234895833333333 0.05994907407407408
2 0.4997552083333333 0.13031481481481483 0.0445859375 0.07427314814814816
2 0.3728020833333333 0.3895416666666667 0.03423958333333333 0.06152314814814814
2 0.3920911458333334 0.14865277777777777 0.04016145833333333 0.07156018518518519
2 0.4968255208333333 0.6150185185185185 0.038177083333333334 0.0625
2 0.5551770833333334 0.09923148148148149 0.04321354166666667 0.0748148148148148
2 0.4631354166666667 0.5625 0.03912239583333333 0.07568518518518517
2 0.4445807291666667 0.3663194444444444 0.0374765625 0.06613425925925925
2 0.4370130208333334 0.2962222222222222 0.03540104166666667 0.05805092592592593
0 0.206421875 0.33073148148148146 0.03436197916666666 0.06559259259259259
3 0.5405286458333334 0.26367129629629626 0.030213541666666666 0.05620833333333333
1 0.8696302083333334 0.26475925925925925 0.0341796875 0.04443518518518519
0 0.78515625 0.7387175925925926 0.0491328125 0.06222685185185185
0 0.806640625 0.5342870370370371 0.0413828125 0.07508796296296297
0 0.7548828125 0.2944861111111111 0.050994791666666664 0.09185185185185185