3 0.7060546875 0.8428842592592594 0.027221354166666666 0.04359259259259259
2 0.62890625 0.7773425925925925 0.043458333333333335 0.06738425925925927
2 0.5805677083333334 0.8776064814814816 0.045867187499999997 0.07525
3 0.43907291666666665 0.2434537037037037 0.043828125 0.07868055555555555
0 0.5415052083333334 0.11664351851851851 0.040984374999999997 0.066625
2 0.4333489583333333 0.9140648148148148 0.04009895833333333 0.06369444444444446
2 0.3659661458333333 0.8446203703703704 0.03948958333333333 0.06488888888888888
2 0.5278333333333334 0.8142361111111112 0.042815104166666666 0.06738425925925927
2 0.427734375 0.7213564814814816 0.0432734375 0.06798148148148149
2 0.6059583333333334 0.6631944444444444 0.04113802083333333 0.07031481481481482
2 0.7221692708333334 0.6822916666666666 0.04077083333333333 0.08002314814814815
2 0.5268567708333334 0.6306435185185185 0.037322916666666664 0.06477777777777777
2 0.4326171875 0.5668425925925926 0.036164062500000003 0.0632037037037037
2 0.517578125 0.6875 0.041229166666666664 0.06477777777777777
0 0.2854010416666667 0.35959259259259263 0.0387578125 0.05924537037037037
2 0.6040052083333334 0.5507824074074075 0.0368359375 0.06624537037037037
2 0.6279296875 0.4648425925925926 0.03573697916666666 0.0587037037037037
2 0.3759765625 0.5716157407407407 0.03567447916666667 0.06684259259259259
2 0.4689947916666667 0.3621944444444445 0.0348203125 0.07437962962962963
2 0.5834973958333334 0.4155833333333333 0.03567447916666667 0.06635185185185184
2 0.5341796875 0.3528657407407408 0.0365 0.06597222222222222
2 0.5307630208333334 0.5117175925925925 0.029312500000000002 0.0499675925925926
3 0.4753411458333333 0.4947916666666667 0.024567708333333334 0.049805555555555554
3 0.4248046875 0.4114583333333333 0.023192708333333333 0.04543518518518518