2 0.4748541666666667 0.3953981481481481 0.03790364583333334 0.05609722222222222
3 0.3911145833333334 0.6844629629629629 0.04193229166666667 0.06439814814814815
2 0.3530286458333334 0.6532129629629629 0.0354921875 0.05924537037037037
2 0.4367682291666667 0.7035601851851853 0.04061979166666666 0.06076388888888889
2 0.4543463541666667 0.4895833333333333 0.0471484375 0.07313425925925926
2 0.4877942708333334 0.4535601851851852 0.039552083333333335 0.07231944444444445
2 0.400390625 0.5568564814814815 0.038971354166666666 0.060981481481481484
2 0.5229505208333334 0.456162037037037 0.034942708333333336 0.07497685185185185
2 0.4143072916666667 0.6349814814814815 0.03573697916666666 0.05772685185185185
2 0.3757317708333333 0.7326388888888888 0.03704947916666667 0.05381944444444445
2 0.3374036458333334 0.5993935185185185 0.03308072916666667 0.05913425925925926
2 0.4431145833333333 0.5607638888888888 0.04061979166666666 0.06190277777777778
3 0.4499505208333333 0.6280370370370371 0.0386953125 0.07383796296296297
2 0.5107421875 0.37478240740740737 0.03775 0.06461574074074074
2 0.4953619791666667 0.6358518518518519 0.03573697916666666 0.07437962962962963
2 0.5297864583333334 0.5585925925925925 0.036622395833333335 0.07074537037037038
2 0.4914557291666667 0.5447037037037037 0.0348828125 0.06450925925925927
2 0.3647473958333334 0.515625 0.03561458333333333 0.059625
2 0.5756848958333334 0.8159722222222222 0.03854427083333333 0.07166666666666667
2 0.4926770833333334 0.32269907407407405 0.038908854166666666 0.06119907407407407
2 0.3269036458333333 0.7317731481481482 0.03985677083333334 0.08018518518518518
2 0.544921875 0.7430555555555556 0.042328125 0.06760185185185186
2 0.5639661458333334 0.4160138888888889 0.036286458333333334 0.07302314814814814
2 0.3732916666666667 0.8029537037037038 0.038117187500000003 0.06293518518518518
2 0.544921875 0.34006018518518516 0.034088541666666666 0.06016666666666667
2 0.6323255208333334 0.8259537037037037 0.03698697916666667 0.07373148148148148
2 0.4216302083333333 0.12988425925925925 0.03460677083333333 0.0632037037037037