2 0.5478515625 0.06477777777777777 0.03423958333333333 0.0692824074074074
3 0.4992682291666667 0.8407129629629629 0.039703125 0.08105555555555556
2 0.4292005208333334 0.6623287037037038 0.036164062500000003 0.061087962962962955
2 0.7065442708333334 0.7296018518518519 0.039552083333333335 0.07058333333333333
2 0.4411614583333333 0.5460092592592594 0.036164062500000003 0.05577314814814815
2 0.3171380208333333 0.08262962962962962 0.0373828125 0.07329629629629629
2 0.7036145833333334 0.8715277777777778 0.03979427083333333 0.08154166666666667
2 0.4736328125 0.4878472222222222 0.03561458333333333 0.07047685185185185
2 0.537109375 0.6510416666666666 0.03216666666666666 0.07139814814814814
2 0.3813489583333334 0.7617175925925925 0.030625 0.06749074074074074
2 0.6879895833333334 0.650175925925926 0.039947916666666666 0.08062037037037037
2 0.2717291666666667 0.11751388888888889 0.03372135416666667 0.06900925925925926
2 0.7280286458333334 0.5885416666666666 0.04238802083333334 0.07231944444444445
2 0.3439947916666667 0.6679675925925925 0.0334765625 0.0632037037037037
3 0.4045416666666667 0.33181481481481484 0.03698697916666667 0.06309722222222222
2 0.4150390625 0.16568981481481482 0.037109375 0.059027777777777776
2 0.2880859375 0.29839351851851853 0.03601041666666667 0.059625
2 0.5830078125 0.2973101851851852 0.036286458333333334 0.0748148148148148
2 0.6596692708333334 0.8984398148148148 0.036286458333333334 0.07535648148148148
2 0.3942864583333333 0.5863703703703703 0.038117187500000003 0.0691712962962963
2 0.7924817708333334 0.5542546296296297 0.03833072916666667 0.06700462962962962
2 0.3542473958333333 0.6128472222222222 0.03753645833333333 0.06613425925925925
2 0.3767083333333333 0.6757824074074075 0.03671354166666666 0.06119907407407407
2 0.5205078125 0.4587685185185185 0.031921875 0.05924537037037037
2 0.3452161458333334 0.7747407407407407 0.034942708333333336 0.06814351851851852
2 0.2434088541666667 0.3559027777777778 0.03860416666666667 0.058486111111111114
2 0.2534192708333333 0.46962037037037035 0.040252604166666664 0.06141666666666667
2 0.2307135416666667 0.5099814814814815 0.035065104166666666 0.049504629629629635
2 0.2517083333333333 0.4114583333333333 0.03918489583333333 0.05566203703703704
2 0.21301302083333334 0.4592037037037037 0.03460677083333333 0.05805092592592593
2 0.5463880208333334 0.42382870370370374 0.0364375 0.061796296296296294
2 0.5043958333333334 0.1800138888888889 0.040007812499999997 0.06488888888888888
2 0.3305677083333334 0.4496527777777778 0.03210416666666667 0.057291666666666664
2 0.3032239583333334 0.7673611111111112 0.03390625 0.06879166666666667
2 0.5576171875 0.1694861111111111 0.03540104166666667 0.05859259259259259
2 0.7778333333333334 0.947050925925926 0.044921875 0.06749074074074074
2 0.5610364583333334 0.22916666666666666 0.038908854166666666 0.06836111111111111
2 0.23877083333333332 0.5594629629629629 0.03979427083333333 0.059027777777777776
2 0.2849114583333333 0.8307314814814816 0.037109375 0.06488888888888888
2 0.4460442708333333 0.4461805555555556 0.03881770833333333 0.06190277777777778
2 0.3298333333333333 0.8233518518518519 0.030151041666666666 0.06836111111111111
2 0.7827161458333334 0.4878472222222222 0.047697916666666666 0.07101851851851852
0 0.6040052083333334 0.4101574074074074 0.04107552083333333 0.074
0 0.5029296875 0.6397592592592594 0.025908854166666665 0.06401851851851852
1 0.6010755208333334 0.7322037037037037 0.02499479166666667 0.050375
3 0.71875 0.2164722222222222 0.028106770833333336 0.05259722222222222
0 0.8935546875 0.1444212962962963 0.04858333333333333 0.07780092592592593