2 0.4041302083333333 0.49078240740740736 0.0411640625 0.07976851851851853
1 0.4089348958333333 0.3292083333333333 0.027908854166666667 0.044675925925925924
3 0.4797369791666667 0.5303842592592594 0.029312500000000002 0.046412037037037036
3 0.53125 0.3537314814814815 0.04113802083333333 0.07047685185185185
0 0.56325 0.3214398148148148 0.04383333333333333 0.08313425925925925
2 0.3833020833333334 0.42448148148148146 0.0348203125 0.06711111111111112
1 0.5737317708333334 0.4587685185185185 0.029143229166666666 0.04931481481481481
2 0.4479973958333333 0.542537037037037 0.038177083333333334 0.06738425925925927
2 0.4306640625 0.3756527777777778 0.0374765625 0.06282407407407407
2 0.4614270833333334 0.4121111111111111 0.03753645833333333 0.06331481481481481
2 0.3579114583333334 0.5442731481481482 0.03476041666666666 0.06722222222222221
2 0.3498541666666667 0.4809027777777778 0.035002604166666666 0.06429166666666666
2 0.4575208333333334 0.6145833333333334 0.037598958333333335 0.06222685185185185
2 0.4870598958333333 0.3795555555555556 0.03607291666666667 0.059625
2 0.4104010416666667 0.578125 0.03240885416666667 0.06586574074074074
2 0.580078125 0.5195324074074075 0.0374765625 0.07101851851851852
2 0.3791510416666667 0.636287037037037 0.035002604166666666 0.06461574074074074
1 0.4143072916666667 0.4275185185185185 0.024567708333333334 0.05289814814814815
3 0.5678723958333334 0.5911481481481482 0.03912239583333333 0.08002314814814815
2 0.4389661458333334 0.6627592592592593 0.038908854166666666 0.066625
2 0.4953619791666667 0.3233518518518519 0.031799479166666665 0.06380092592592593
2 0.3676770833333334 0.7517361111111112 0.037322916666666664 0.06700462962962962
2 0.3017578125 0.7395833333333334 0.03601041666666667 0.07047685185185185
2 0.5981458333333334 0.6128472222222222 0.034026041666666666 0.07508796296296297
3 0.529296875 0.4947916666666667 0.043458333333333335 0.07552314814814814
2 0.3198255208333334 0.8684907407407407 0.03521614583333333 0.06776388888888889
2 0.4104010416666667 0.15874537037037037 0.0393359375 0.05739814814814815
2 0.3911145833333334 0.9592037037037038 0.042328125 0.06510648148148147
3 0.4626458333333333 0.35156481481481483 0.025955729166666667 0.049615740740740745
3 0.5693359375 0.7157129629629629 0.026611979166666667 0.05270833333333333
0 0.5166015625 0.36436574074074074 0.016403645833333334 0.03499537037037037