2 0.49134375 0.5617037037037037 0.036578125 0.05625
3 0.2553723958333333 0.6488703703703703 0.024888020833333333 0.04383796296296296
3 0.3514322916666667 0.6080462962962964 0.021010416666666667 0.036300925925925924
3 0.3001510416666667 0.9305185185185185 0.027976562500000003 0.04967592592592592
0 0.3904869791666667 0.4093148148148148 0.0430390625 0.08418518518518518
2 0.4362786458333333 0.3170555555555556 0.038239583333333334 0.06412962962962963
2 0.556640625 0.5551203703703703 0.03359895833333334 0.06862962962962964
2 0.5234375 0.6067731481481482 0.042023437500000003 0.07286111111111111
2 0.3969739583333334 0.5542546296296297 0.031020833333333334 0.05504166666666667
2 0.5424817708333334 0.6901064814814816 0.037109375 0.05973148148148149
2 0.3132317708333333 0.3361527777777778 0.036895833333333336 0.07058333333333333
2 0.2243645833333333 0.5533842592592593 0.03595052083333334 0.07047685185185185
2 0.3615729166666667 0.3072916666666667 0.040007812499999997 0.07139814814814814
2 0.6123046875 0.6258703703703704 0.0390625 0.07796296296296297
2 0.3115234375 0.5611990740740741 0.034088541666666666 0.06293518518518518
2 0.4267578125 0.44184259259259256 0.03561458333333333 0.071125
2 0.4958489583333333 0.31098148148148147 0.04016145833333333 0.06559259259259259
2 0.22546354166666666 0.6280370370370371 0.038390625 0.06787037037037037
2 0.4816901041666667 0.823787037037037 0.03985677083333334 0.06711111111111112
2 0.3950208333333334 0.7052962962962963 0.03796354166666667 0.07356944444444444
2 0.3154296875 0.5021712962962963 0.042877604166666666 0.057615740740740745
2 0.5830078125 0.8650185185185185 0.0406796875 0.07508796296296297
3 0.19250520833333334 0.6649305555555556 0.0364375 0.07047685185185185
2 0.3576666666666667 0.5338564814814816 0.023283854166666666 0.04299537037037037
0 0.2624505208333333 0.5208333333333334 0.043854166666666666 0.06575462962962964