3 0.41919531250000003 0.862175925925926 0.0464921875 0.08401851851851852
0 0.7958984375 0.7621527777777778 0.026000000000000002 0.06152314814814814
2 0.4838880208333334 0.29774537037037035 0.035065104166666666 0.05663888888888889
2 0.40234375 0.7569444444444444 0.03326302083333334 0.0625
2 0.3918463541666667 0.16449537037037038 0.03326302083333334 0.058375
2 0.3669427083333333 0.4444444444444444 0.037322916666666664 0.058375
2 0.4267578125 0.3784722222222222 0.032776041666666665 0.0635324074074074
2 0.4206536458333333 0.453125 0.031083333333333334 0.05300462962962963
2 0.357421875 0.375 0.03390625 0.06429166666666666
2 0.390625 0.36306481481481484 0.0315546875 0.06575462962962964
2 0.4208984375 0.22504166666666667 0.035065104166666666 0.05924537037037037
2 0.4626458333333333 0.5121527777777778 0.03985677083333334 0.06586574074074074
2 0.763671875 0.3687083333333333 0.0390625 0.06439814814814815
2 0.5302734375 0.6254351851851853 0.0386953125 0.0745462962962963
2 0.4812005208333333 0.07958796296296296 0.03655989583333333 0.057944444444444444
2 0.521484375 0.3164074074074074 0.03442447916666667 0.06787037037037037
2 0.4592291666666667 0.6258703703703704 0.03469791666666667 0.06130555555555555
2 0.5131848958333334 0.18674074074074073 0.03918489583333333 0.062120370370370374
2 0.5639661458333334 0.21484259259259259 0.0367734375 0.06798148148148149
0 0.52734375 0.4327268518518519 0.04061979166666666 0.059513888888888894
2 0.5307630208333334 0.2345925925925926 0.036622395833333335 0.05973148148148149
2 0.3754895833333334 0.24500925925925926 0.038239583333333334 0.05566203703703704
2 0.4719244791666667 0.5733518518518519 0.03881770833333333 0.06190277777777778
2 0.4528802083333333 0.17903703703703705 0.03533854166666666 0.07568518518518517
2 0.4587395833333333 0.3669722222222222 0.0348828125 0.07427314814814816
2 0.5551770833333334 0.31401851851851853 0.036164062500000003 0.07275462962962963
2 0.5102552083333334 0.12988425925925925 0.03912239583333333 0.06201388888888888
2 0.5791015625 0.5551203703703703 0.040528645833333335 0.06141666666666667
2 0.6694348958333334 0.20789814814814814 0.037109375 0.07437962962962963
2 0.7622083333333334 0.2743055555555556 0.04400520833333333 0.06038425925925926
3 0.3051770833333334 0.6605925925925926 0.0403125 0.06499537037037037
2 0.4423828125 0.05251851851851852 0.03476041666666666 0.0692824074074074
2 0.6875 0.5633703703703704 0.0390625 0.07899537037037037
0 0.7270520833333334 0.8302962962962963 0.04553125 0.0691712962962963
2 0.5986328125 0.370875 0.04107552083333333 0.06510648148148147
2 0.7094739583333334 0.6323796296296297 0.0368359375 0.06575462962962964
0 0.5078125 0.7717037037037038 0.022888020833333335 0.06201388888888888
0 0.5659192708333334 0.9010416666666666 0.04351822916666667 0.0719398148148148
2 0.7084973958333334 0.34396759259259263 0.041838541666666666 0.06260648148148147
2 0.5688489583333334 0.5013009259259259 0.035065104166666666 0.05495833333333333
2 0.4526380208333334 0.683162037037037 0.03253125 0.057074074074074076
2 0.6723645833333334 0.30186574074074074 0.036286458333333334 0.06477777777777777
2 0.6381848958333334 0.5846342592592593 0.04009895833333333 0.06982407407407407
2 0.4377447916666667 0.5464398148148147 0.03216666666666666 0.059842592592592586
2 0.7436536458333334 0.4351111111111111 0.040375 0.07031481481481482
2 0.6381848958333334 0.22786574074074073 0.036164062500000003 0.0748148148148148
2 0.6484375 0.8242175925925925 0.0394296875 0.07058333333333333
2 0.646484375 0.651912037037037 0.035002604166666666 0.07611574074074073
2 0.4240729166666667 0.16688425925925926 0.0328984375 0.06282407407407407
0 0.6201171875 0.6319444444444444 0.030333333333333334 0.06526851851851852
2 0.404296875 0.4179675925925926 0.027953125000000002 0.051023148148148144
2 0.5834973958333334 0.27105092592592595 0.0348203125 0.06076388888888889
2 0.6010755208333334 0.43663425925925925 0.043122395833333334 0.06900925925925926
2 0.6767578125 0.4138472222222222 0.037322916666666664 0.0791574074074074
1 0.814453125 0.558162037037037 0.0302734375 0.049805555555555554
2 0.6396484375 0.32269907407407405 0.037200520833333334 0.0691712962962963
2 0.4113776041666667 0.5594629629629629 0.028213541666666668 0.04712037037037037
2 0.6040052083333334 0.4982638888888889 0.03655989583333333 0.05859259259259259
3 0.6938489583333334 0.9522592592592594 0.05645833333333334 0.08496296296296296
1 0.6967786458333334 0.4743935185185185 0.025864583333333333 0.05007407407407407
2 0.6635755208333334 0.4878472222222222 0.035828125 0.05994907407407408
2 0.7114270833333334 0.40625 0.03671354166666666 0.06814351851851852
3 0.60546875 0.8003472222222222 0.04400520833333333 0.06624537037037037
1 0.55859375 0.6523425925925925 0.03130989583333334 0.06049074074074074
2 0.640625 0.4431435185185185 0.0354921875 0.05892129629629629
2 0.638671875 0.3854166666666667 0.042083333333333334 0.06260648148148147
3 0.54296875 0.14778703703703705 0.03204427083333333 0.07205092592592592
3 0.8510755208333334 0.5677083333333334 0.04647916666666666 0.08045833333333333
2 0.6079114583333334 0.237412037037037 0.032716145833333335 0.06559259259259259
2 0.615234375 0.296875 0.029541666666666667 0.052814814814814814
3 0.2937005208333333 0.4926203703703703 0.022674479166666664 0.044842592592592594
0 0.671875 0.7491342592592594 0.04351822916666667 0.0748148148148148
1 0.5546875 0.7057314814814816 0.023283854166666666 0.0499675925925926