3 0.4658203125 0.7361111111111112 0.04351822916666667 0.06597222222222222
2 0.3676770833333334 0.4583333333333333 0.036164062500000003 0.06852314814814814
2 0.4165052083333334 0.33485185185185184 0.038117187500000003 0.06879166666666667
2 0.375 0.5759537037037037 0.03561458333333333 0.06027777777777777
3 0.4428723958333334 0.3726111111111111 0.03573697916666666 0.06293518518518518
2 0.4653333333333334 0.625 0.039552083333333335 0.06331481481481481
2 0.4829114583333334 0.4735231481481481 0.03979427083333333 0.061087962962962955
2 0.4494635416666667 0.21506018518518516 0.04467708333333333 0.07156018518518519
2 0.353515625 0.6618935185185185 0.0368359375 0.06461574074074074
2 0.3923333333333333 0.5177962962962963 0.035002604166666666 0.04858333333333333
2 0.3161614583333333 0.32725925925925925 0.03607291666666667 0.06271759259259259
2 0.3605963541666667 0.7829861111111112 0.037322916666666664 0.06152314814814814
2 0.5673828125 0.4943564814814815 0.03704947916666667 0.07839814814814815
2 0.5893567708333334 0.9131944444444444 0.040528645833333335 0.06711111111111112
1 0.3618177083333334 0.1762175925925926 0.02773958333333333 0.04242592592592593
3 0.5209973958333334 0.109375 0.041838541666666666 0.07725925925925926
1 0.5419921875 0.8337685185185185 0.02409375 0.04085185185185185