2 0.4428723958333334 0.09597222222222222 0.037200520833333334 0.06309722222222222
3 0.4196770833333333 0.2213564814814815 0.037200520833333334 0.06862962962962964
2 0.673828125 0.6445324074074075 0.03698697916666667 0.07437962962962963
2 0.69140625 0.5664074074074075 0.04083333333333334 0.07009722222222223
3 0.7524427083333334 0.4474814814814815 0.044098958333333334 0.08355092592592593
1 0.5034192708333334 0.933162037037037 0.0260625 0.03553703703703704
2 0.5073255208333334 0.328125 0.036164062500000003 0.06586574074074074
2 0.5659192708333334 0.16221759259259258 0.03234895833333333 0.06852314814814814
2 0.4448255208333334 0.44531481481481483 0.034942708333333336 0.06787037037037037
2 0.4204114583333334 0.7018240740740741 0.032776041666666665 0.06645833333333334
3 0.4191901041666667 0.4986990740740741 0.0367734375 0.059513888888888894
3 0.24694791666666666 0.5833333333333334 0.03607291666666667 0.06836111111111111
2 0.7333984375 0.2467453703703704 0.03796354166666667 0.07682407407407407
2 0.3820807291666667 0.625 0.03228645833333334 0.06645833333333334
2 0.3061536458333334 0.5746527777777778 0.038908854166666666 0.06862962962962964
2 0.2751458333333333 0.4264305555555556 0.03655989583333333 0.06119907407407407
2 0.4748541666666667 0.4652777777777778 0.034484375 0.06260648148148147
2 0.3330078125 0.3476574074074074 0.03430208333333333 0.06852314814814814
2 0.3850104166666667 0.478300925925926 0.03326302083333334 0.06271759259259259
2 0.3918463541666667 0.6992175925925925 0.02920572916666667 0.06233796296296296
3 0.623046875 0.9262175925925926 0.037598958333333335 0.07356944444444444
3 0.5375989583333334 0.6966157407407407 0.03561458333333333 0.074
2 0.548828125 0.3680555555555556 0.037598958333333335 0.0632037037037037
2 0.2592786458333333 0.30012962962962964 0.0367734375 0.06271759259259259
2 0.3383802083333334 0.2248287037037037 0.035002604166666666 0.05973148148148149
2 0.6127942708333334 0.14626851851851852 0.03359895833333334 0.07497685185185185
3 0.6376953125 0.5017361111111112 0.03769010416666666 0.07552314814814814
2 0.2612317708333333 0.3691388888888889 0.0348203125 0.06955092592592592
2 0.564453125 0.3003472222222222 0.0390625 0.06412962962962963
3 0.2819817708333333 0.5377592592592593 0.03753645833333333 0.05400925925925926
2 0.3935546875 0.16623148148148148 0.0316171875 0.06049074074074074
2 0.3095703125 0.43837037037037035 0.033966145833333336 0.06879166666666667
2 0.4008802083333334 0.3969166666666667 0.032776041666666665 0.06439814814814815
2 0.7080078125 0.3242175925925926 0.042815104166666666 0.07682407407407407
2 0.2946770833333333 0.2575972222222222 0.037598958333333335 0.06499537037037037
2 0.7172864583333334 0.5104166666666666 0.03460677083333333 0.060981481481481484
2 0.3498541666666667 0.6861990740740741 0.031677083333333335 0.05913425925925926
2 0.7060546875 0.07345833333333333 0.039552083333333335 0.07508796296296297
2 0.666015625 0.8259537037037037 0.03790364583333334 0.06890277777777779
2 0.3850104166666667 0.30924537037037036 0.04223697916666667 0.06722222222222221
2 0.28125 0.6605925925925926 0.03302083333333333 0.06369444444444446
2 0.3649895833333333 0.4016944444444444 0.030791666666666665 0.059842592592592586
2 0.4135755208333334 0.6241342592592594 0.034026041666666666 0.06673148148148147
2 0.3510755208333334 0.17100925925925925 0.03555208333333334 0.06027777777777777
2 0.66796875 0.5260416666666666 0.03527864583333333 0.066625
2 0.3146979166666667 0.5065092592592593 0.03985677083333334 0.0587037037037037
2 0.2775885416666667 0.4835092592592593 0.039703125 0.06152314814814814
2 0.3234869791666667 0.7161481481481482 0.039276041666666664 0.06461574074074074
2 0.2282708333333333 0.2732222222222222 0.035828125 0.06711111111111112
2 0.3186041666666667 0.16688425925925926 0.0309140625 0.06862962962962964
2 0.4897473958333334 0.4090694444444445 0.040924479166666666 0.0635324074074074
2 0.2741692708333333 0.19878703703703704 0.03704947916666667 0.0692824074074074
3 0.3596197916666667 0.9383703703703704 0.0295859375 0.06760185185185186
2 0.3471692708333334 0.11187037037037037 0.0386953125 0.061796296296296294
0 0.4526380208333334 0.7382824074074075 0.03588802083333333 0.05994907407407408
2 0.5991223958333334 0.2593333333333333 0.03854427083333333 0.06450925925925927
2 0.2294921875 0.375 0.03302083333333333 0.07009722222222223
2 0.70703125 0.6861990740740741 0.0406796875 0.06879166666666667
3 0.2800286458333333 0.7148425925925925 0.034546875 0.046412037037037036
3 0.6020520833333334 0.8298611111111112 0.034942708333333336 0.06293518518518518
3 0.4995130208333334 0.886287037037037 0.037263020833333334 0.06776388888888889
2 0.3044427083333333 0.7513009259259259 0.0368359375 0.057291666666666664
3 0.6762708333333334 0.7317731481481482 0.048859375000000003 0.07166666666666667
1 0.7866223958333334 0.8467870370370371 0.0309609375 0.04931481481481481
3 0.5087890625 0.5707453703703703 0.023192708333333333 0.05151388888888889
3 0.578125 0.5234398148148148 0.03469791666666667 0.05642592592592592
1 0.494140625 0.20399537037037035 0.026505208333333332 0.05663888888888889
1 0.6245130208333334 0.296875 0.023377604166666666 0.052111111111111115