2 0.2346197916666667 0.4448796296296297 0.0364375 0.05750925925925926
2 0.21728645833333332 0.8489583333333334 0.0387578125 0.057944444444444444
2 0.3063958333333333 0.2808148148148148 0.0365 0.05620833333333333
2 0.3083489583333333 0.4414074074074074 0.034546875 0.06369444444444446
2 0.3486328125 0.4049490740740741 0.03125 0.06141666666666667
2 0.326171875 0.17285185185185187 0.03655989583333333 0.06439814814814815
2 0.2663567708333333 0.4357638888888889 0.03210416666666667 0.06152314814814814
2 0.4123541666666667 0.1438796296296296 0.036286458333333334 0.066625
2 0.3315442708333334 0.8324675925925926 0.0393359375 0.061087962962962955
2 0.3889166666666667 0.5802962962962963 0.03137239583333333 0.06016666666666667
2 0.287109375 0.8554675925925925 0.03234895833333333 0.06331481481481481
2 0.3562005208333333 0.7526064814814816 0.034942708333333336 0.05609722222222222
2 0.3186041666666667 0.7795138888888888 0.0387578125 0.06141666666666667
2 0.3513177083333333 0.650175925925926 0.03515625 0.06586574074074074
2 0.3037109375 0.6245648148148147 0.04077083333333333 0.06119907407407407
2 0.3073723958333333 0.6853287037037037 0.034942708333333336 0.05221759259259259
2 0.3142083333333333 0.9027777777777778 0.03521614583333333 0.06190277777777778
2 0.3684088541666667 0.8016481481481481 0.037200520833333334 0.066625
2 0.5454114583333334 0.2309027777777778 0.03204427083333333 0.05913425925925926
2 0.3029791666666667 0.9704027777777778 0.03372135416666667 0.05918981481481481
2 0.4650885416666667 0.8993055555555556 0.030791666666666665 0.057074074074074076
3 0.4282239583333334 0.8585092592592594 0.04009895833333333 0.0634212962962963
2 0.4462890625 0.4548611111111111 0.04046614583333333 0.06331481481481481
2 0.3493645833333333 0.890625 0.039947916666666666 0.06412962962962963
2 0.23620572916666666 0.9027777777777778 0.0374765625 0.06369444444444446
1 0.35546875 0.515625 0.021484375 0.044245370370370365
2 0.3532708333333333 0.948787037037037 0.034088541666666666 0.05994907407407408
2 0.4575208333333334 0.04139351851851852 0.03573697916666666 0.07128703703703704
2 0.4177239583333333 0.03485648148148148 0.03964322916666666 0.0697175925925926
2 0.3237317708333334 0.5316851851851853 0.037200520833333334 0.071125
3 0.3706067708333334 0.5551203703703703 0.024276041666666668 0.04622222222222223
1 0.5620130208333334 0.5355925925925926 0.025908854166666665 0.04738888888888889
2 0.5141614583333334 0.6063379629629629 0.0309609375 0.052111111111111115
0 0.4663098958333334 0.7161481481481482 0.0348828125 0.06141666666666667
3 0.49609375 0.38867129629629626 0.028700520833333333 0.04212962962962963
3 0.3054192708333333 0.8168425925925926 0.02461197916666667 0.049046296296296296
0 0.38671875 0.3958333333333333 0.020919270833333333 0.04334722222222222
0 0.6352552083333334 0.7855925925925926 0.03423958333333333 0.1209861111111111
3 0.6494140625 0.3493935185185185 0.023026041666666667 0.03727314814814815