1 0.44283854166666664 0.6131944444444445 0.02734375 0.04027777777777778
3 0.6629869791666666 0.49500925925925926 0.051981770833333336 0.0935787037037037
2 0.3410651041666667 0.8229166666666666 0.023070312500000002 0.048125
1 0.41037760416666663 0.6445324074074075 0.028015625 0.04543518518518518
1 0.2746588541666667 0.7578148148148148 0.02865625 0.05064351851851852
1 0.2866223958333334 0.3980046296296297 0.030213541666666666 0.04712037037037037
3 0.6303723958333334 0.315537037037037 0.040924479166666666 0.0702037037037037
1 0.1708984375 0.40712037037037035 0.023604166666666666 0.048393518518518516
3 0.5263671875 0.22504166666666667 0.043458333333333335 0.07047685185185185
1 0.2470703125 0.6844629629629629 0.027328124999999998 0.05360185185185185
1 0.4733880208333333 0.587675925925926 0.0211640625 0.0449212962962963
0 0.3010260416666667 0.651912037037037 0.021942708333333335 0.044513888888888895
1 0.4719244791666667 0.43771759259259263 0.025466145833333335 0.04139351851851852
1 0.4860833333333333 0.6419259259259259 0.024520833333333332 0.04606018518518518
2 0.3493645833333333 0.7486990740740741 0.022536458333333335 0.04234259259259259
1 0.4411614583333333 0.433375 0.028166666666666666 0.047851851851851854
1 0.4831536458333333 0.6974814814814815 0.023192708333333333 0.05007407407407407
1 0.23254427083333334 0.418837962962963 0.02084375 0.04877314814814815
3 0.4389661458333334 0.16742592592592592 0.05032291666666667 0.07047685185185185
2 0.3215338541666667 0.6271712962962963 0.0218203125 0.04383796296296296
1 0.5400390625 0.46093981481481483 0.028106770833333336 0.04204629629629629
1 0.128296875 0.23567592592592593 0.022627604166666666 0.046495370370370374
3 0.5034192708333334 0.3934444444444445 0.0260625 0.050944444444444445
2 0.32421875 0.5277777777777778 0.03460677083333333 0.05924537037037037
1 0.248046875 0.1686203703703704 0.027070312500000002 0.044842592592592594
0 0.1579583333333333 0.3372407407407408 0.025421875 0.04052777777777778
2 0.3676770833333334 0.4856759259259259 0.0413828125 0.06119907407407407
2 0.3825677083333333 0.41297685185185184 0.037109375 0.065375
2 0.4211432291666667 0.5199675925925926 0.041838541666666666 0.06412962962962963
2 0.4057630208333334 0.7243935185185185 0.040007812499999997 0.06787037037037037
2 0.3525390625 0.7000879629629629 0.03790364583333334 0.06027777777777777
2 0.5903333333333334 0.6723101851851853 0.04217447916666666 0.06597222222222222
3 0.4448255208333334 0.7586805555555556 0.0354921875 0.0519212962962963
3 0.3479010416666667 0.17502314814814815 0.03607291666666667 0.07958796296296296
2 0.3383802083333334 0.5976574074074075 0.03460677083333333 0.06684259259259259
3 0.6640625 0.6731759259259259 0.04083333333333334 0.06824999999999999
0 0.482421875 0.8932314814814816 0.0378125 0.06944444444444445
2 0.4162604166666667 0.2749583333333333 0.03359895833333334 0.06645833333333334
2 0.513671875 0.5134537037037037 0.0368359375 0.071125
2 0.5576171875 0.7074675925925926 0.04376302083333334 0.07373148148148148
3 0.58984375 0.7695324074074075 0.040375 0.07796296296296297
2 0.2602552083333333 0.3554675925925926 0.03561458333333333 0.06331481481481481
2 0.46875 0.34700462962962964 0.0348203125 0.06862962962962964
2 0.3598645833333334 0.8619814814814816 0.03573697916666666 0.07568518518518517
3 0.3581536458333333 0.3207453703703703 0.03359895833333334 0.07975462962962963
2 0.2067864583333333 0.7035601851851853 0.0328359375 0.07031481481481482
2 0.560546875 0.6236990740740741 0.037598958333333335 0.07579166666666667
3 0.5043958333333334 0.324 0.0367734375 0.07427314814814816
3 0.4597161458333333 0.8151064814814816 0.04663020833333333 0.06380092592592593
2 0.5981458333333334 0.8541666666666666 0.040528645833333335 0.07666203703703704
2 0.18798958333333332 0.2690972222222222 0.027588541666666667 0.04885648148148148
2 0.5600598958333334 0.8802083333333334 0.03476041666666666 0.07649537037037037
0 0.17834375 0.5086805555555556 0.03216666666666666 0.05113425925925926
0 0.3188489583333334 0.8671898148148148 0.02108854166666667 0.02872685185185185
0 0.4138177083333333 0.9166666666666666 0.02743489583333333 0.06510648148148147
0 0.22741666666666666 0.9435787037037038 0.026000000000000002 0.05064351851851852
3 0.4470208333333333 0.9600694444444444 0.03476041666666666 0.07839814814814815
0 0.10107552083333333 0.29600925925925925 0.03912239583333333 0.05631481481481482
0 0.11615104166666666 0.4887175925925926 0.04046614583333333 0.060870370370370366
3 0.296875 0.15679166666666666 0.027221354166666666 0.05422685185185185
3 0.38671875 0.03827777777777778 0.0250859375 0.05064351851851852