0 0.6456458333333334 0.7943935185185186 0.042192708333333336 0.07100925925925926
1 0.5771484375 0.8385416666666666 0.030440104166666666 0.050263888888888886
2 0.2670911458333334 0.6419259259259259 0.04061979166666666 0.06488888888888888
2 0.2859140625 0.5202824074074074 0.03808854166666666 0.0665462962962963
3 0.2561041666666667 0.2534722222222222 0.04577604166666667 0.06944444444444445
2 0.2005625 0.2369814814814815 0.04193229166666667 0.06955092592592592
3 0.4108880208333333 0.2545555555555556 0.04376302083333334 0.071125
0 0.6396484375 0.5412314814814815 0.028335937500000002 0.046768518518518515
3 0.5419921875 0.5685787037037038 0.02865625 0.045625
3 0.7475598958333334 0.6901064814814816 0.031921875 0.04831481481481482
1 0.7827161458333334 0.6258703703703704 0.031921875 0.047851851851851854
3 0.7983411458333334 0.8433148148148147 0.0305625 0.0450324074074074
0 0.6469739583333334 0.4431435185185185 0.03216666666666666 0.06038425925925926
2 0.3256848958333334 0.42209259259259263 0.03948958333333333 0.06152314814814814
2 0.3227552083333334 0.6098101851851853 0.03948958333333333 0.06722222222222221
2 0.3767083333333333 0.4166666666666667 0.038971354166666666 0.06586574074074074
2 0.357421875 0.6918425925925926 0.03948958333333333 0.06852314814814814
2 0.4470208333333333 0.5785601851851853 0.0341796875 0.06624537037037037
2 0.4934088541666667 0.43771759259259263 0.0386953125 0.07373148148148148
2 0.4052734375 0.6888009259259259 0.03527864583333333 0.06575462962962964
1 0.3745130208333334 0.8328981481481481 0.022536458333333335 0.044245370370370365
1 0.3952630208333333 0.5438379629629629 0.02685677083333333 0.04684722222222222
1 0.4653333333333334 0.8888888888888888 0.0315546875 0.05151388888888889
3 0.7739270833333334 0.7634537037037037 0.026916666666666665 0.04172222222222222
1 0.211546875 0.730037037037037 0.027375 0.044513888888888895
1 0.3566901041666667 0.7725694444444444 0.023559895833333334 0.044513888888888895
2 0.4313958333333333 0.7560787037037038 0.02880989583333333 0.04695833333333334
1 0.4482421875 0.9401064814814816 0.024140625000000002 0.05330555555555556
3 0.3479010416666667 0.36783796296296295 0.03436197916666666 0.0719398148148148
0 0.5009765625 0.6653657407407407 0.038971354166666666 0.065375
1 0.4255364583333333 0.3899722222222222 0.030213541666666666 0.05504166666666667
1 0.5219739583333334 0.5164953703703704 0.028593749999999998 0.04432407407407407
1 0.4560546875 0.7052962962962963 0.025330729166666666 0.044675925925925924
2 0.4765625 0.37521759259259263 0.029708333333333333 0.05015740740740741
1 0.5078125 0.2743055555555556 0.023817708333333333 0.049504629629629635
2 0.5874036458333334 0.6697037037037037 0.026351562499999998 0.05495833333333333
1 0.3466796875 0.9780694444444445 0.0257109375 0.04386574074074074
1 0.23840364583333334 0.7065972222222222 0.025619791666666666 0.04326851851851852
2 0.3305677083333334 0.4947916666666667 0.026200520833333334 0.04703703703703704
3 0.5693359375 0.6953148148148148 0.025466145833333335 0.046685185185185184
1 0.4411614583333333 0.6736111111111112 0.026260416666666668 0.049694444444444444