2 0.3454583333333333 0.7296018518518519 0.03228645833333334 0.06862962962962964
2 0.4172369791666667 0.6749120370370371 0.029479166666666667 0.05881018518518519
2 0.3876953125 0.5998287037037038 0.04061979166666666 0.0634212962962963
2 0.4072265625 0.5256064814814815 0.03555208333333334 0.06331481481481481
2 0.521484375 0.6584212962962963 0.03881770833333333 0.08355092592592593
2 0.5517578125 0.6328148148148148 0.03753645833333333 0.07047685185185185
2 0.4323723958333333 0.34179629629629626 0.038117187500000003 0.05826851851851852
2 0.4582526041666667 0.5286481481481482 0.03533854166666666 0.065375
3 0.4973151041666667 0.587675925925926 0.03790364583333334 0.07177777777777777
2 0.3923333333333333 0.7552083333333334 0.03423958333333333 0.0702037037037037
2 0.4113776041666667 0.9097222222222222 0.03671354166666666 0.06331481481481481
2 0.513671875 0.21517129629629628 0.0365 0.06993055555555557
2 0.43359375 0.7838564814814816 0.04351822916666667 0.06450925925925927
2 0.6293958333333334 0.915800925925926 0.03912239583333333 0.06222685185185185
2 0.6015625 0.7821203703703704 0.0393359375 0.06798148148148149
3 0.5249036458333334 0.8311620370370371 0.024002604166666667 0.05599074074074074