2 0.4064947916666667 0.84375 0.03833072916666667 0.06526851851851852
2 0.5336927083333334 0.21267592592592593 0.03521614583333333 0.06559259259259259
3 0.5751953125 0.4242638888888889 0.036164062500000003 0.0725925925925926
2 0.5278333333333334 0.4552962962962963 0.03561458333333333 0.06412962962962963
2 0.58203125 0.6558148148148147 0.03948958333333333 0.07329629629629629
2 0.4323723958333333 0.9592037037037038 0.03521614583333333 0.0692824074074074
2 0.599609375 0.4865462962962963 0.0406796875 0.0763888888888889
2 0.6142578125 0.34809259259259256 0.0387578125 0.06510648148148147
2 0.4167473958333333 0.7586805555555556 0.036286458333333334 0.059513888888888894
2 0.4592291666666667 0.7087685185185185 0.040924479166666666 0.06645833333333334
3 0.4147942708333333 0.496962962962963 0.03860416666666667 0.06586574074074074
2 0.4604505208333334 0.4921898148148149 0.0432734375 0.06477777777777777
2 0.4936536458333334 0.30816203703703704 0.036223958333333334 0.05696759259259259
2 0.4387213541666667 0.3697916666666667 0.038177083333333334 0.057291666666666664
2 0.4450677083333333 0.8598101851851853 0.0403125 0.06684259259259259
2 0.5649427083333334 0.3268240740740741 0.038453125 0.07470833333333333
2 0.5234375 0.37131018518518516 0.034026041666666666 0.06814351851851852
2 0.4133307291666667 0.24001851851851855 0.036286458333333334 0.06309722222222222
2 0.6704114583333334 0.5186620370370371 0.042328125 0.08588425925925926
2 0.5405286458333334 0.7092037037037038 0.043122395833333334 0.06130555555555555
2 0.3552239583333333 0.6241342592592594 0.03390625 0.066625
3 0.3959973958333334 0.6879351851851853 0.03802604166666667 0.0654861111111111
2 0.4499505208333333 0.6284722222222222 0.038390625 0.06700462962962962
2 0.4541015625 0.5677083333333334 0.03912239583333333 0.059625
2 0.4521484375 0.316625 0.033203125 0.05881018518518519
2 0.4145520833333334 0.6193564814814815 0.03533854166666666 0.058486111111111114
2 0.5126953125 0.6245648148148147 0.04153385416666667 0.06510648148148147
2 0.6127942708333334 0.8858518518518519 0.040528645833333335 0.07231944444444445
2 0.2961432291666667 0.4947916666666667 0.03540104166666667 0.06879166666666667
2 0.3762213541666667 0.1716574074074074 0.0322265625 0.05514814814814815
2 0.544921875 0.9392361111111112 0.04553125 0.06369444444444446
2 0.4545911458333334 0.11284722222222222 0.03796354166666667 0.0625
2 0.654296875 0.9722222222222222 0.042877604166666666 0.05289814814814815
1 0.4970703125 0.3621944444444445 0.021651041666666666 0.05381944444444445
3 0.3776848958333333 0.5212685185185185 0.038117187500000003 0.05805092592592593
2 0.5522473958333334 0.5277777777777778 0.04147395833333333 0.05772685185185185
2 0.64453125 0.5759537037037037 0.04351822916666667 0.06271759259259259
2 0.4345703125 0.1694861111111111 0.0394296875 0.06429166666666666
2 0.4011223958333333 0.36306481481481484 0.03567447916666667 0.06824999999999999
2 0.32421875 0.5182314814814816 0.03698697916666667 0.0691712962962963
2 0.6840833333333334 0.40017592592592593 0.030151041666666666 0.06624537037037037
3 0.2568359375 0.30468981481481483 0.02665625 0.03955092592592593
0 0.6000989583333334 0.7651898148148147 0.0386953125 0.060981481481481484
2 0.4599609375 0.2011712962962963 0.028106770833333336 0.049504629629629635
2 0.7397473958333334 0.8051203703703703 0.042481770833333335 0.06722222222222221
2 0.4133307291666667 0.9010416666666666 0.0403125 0.054634259259259264
0 0.3364270833333334 0.3506944444444444 0.0309140625 0.05485185185185185
2 0.4663098958333334 0.9701203703703704 0.030213541666666666 0.05975925925925926
3 0.46875 0.41644907407407405 0.044768229166666666 0.07031481481481482
0 0.67578125 0.6879351851851853 0.023817708333333333 0.05319444444444445
1 0.5151380208333334 0.5703148148148148 0.023559895833333334 0.04606018518518518
2 0.4865729166666667 0.027425925925925927 0.03555208333333334 0.054634259259259264
3 0.451171875 0.7873287037037038 0.0348828125 0.06168518518518519
3 0.2626953125 0.2341574074074074 0.027114583333333334 0.04275
3 0.7016614583333334 0.5685787037037038 0.025802083333333333 0.053925925925925926
3 0.2496328125 0.5568564814814815 0.03216666666666666 0.04443518518518519
3 0.3190911458333333 0.8098981481481482 0.0260625 0.03887037037037037
0 0.4699713541666667 0.9088564814814816 0.020567708333333334 0.05330555555555556