3 0.359375 0.2738703703703703 0.03881770833333333 0.06890277777777779
2 0.4169921875 0.578125 0.029312500000000002 0.06168518518518519
2 0.5810546875 0.7543425925925926 0.03833072916666667 0.06879166666666667
2 0.4428723958333334 0.5477453703703704 0.03540104166666667 0.05892129629629629
2 0.5751953125 0.6427962962962963 0.03521614583333333 0.060981481481481484
2 0.3869635416666667 0.683162037037037 0.03366145833333333 0.06369444444444446
2 0.3076171875 0.7916666666666666 0.036164062500000003 0.07128703703703704
2 0.3386223958333333 0.7122407407407407 0.03567447916666667 0.06271759259259259
2 0.2885755208333334 0.7226574074074075 0.03912239583333333 0.06477777777777777
2 0.4172369791666667 0.7165787037037037 0.03460677083333333 0.06862962962962964
2 0.64453125 0.5625 0.038908854166666666 0.065375
2 0.4650885416666667 0.5034722222222222 0.04016145833333333 0.07058333333333333
2 0.5288098958333334 0.6037314814814815 0.04016145833333333 0.06700462962962962
2 0.4106458333333334 0.5013009259259259 0.03912239583333333 0.07248148148148148
2 0.4904791666666667 0.47135648148148146 0.03964322916666666 0.06673148148148147
2 0.3474114583333333 0.6579861111111112 0.03527864583333333 0.06711111111111112
1 0.2768567708333334 0.4618055555555556 0.024429687500000002 0.05056481481481481
2 0.4792473958333333 0.38216203703703705 0.03601041666666667 0.0745462962962963
2 0.3173828125 0.6328148148148148 0.0322265625 0.06130555555555555
2 0.3515625 0.1701388888888889 0.03423958333333333 0.06282407407407407
2 0.4514166666666667 0.433375 0.040375 0.0654861111111111
2 0.6411145833333334 0.1539722222222222 0.03366145833333333 0.07302314814814814
3 0.2788098958333334 0.6671018518518519 0.026703125 0.050833333333333335
3 0.4995130208333334 0.6106759259259259 0.0231484375 0.04877314814814815
1 0.6391614583333334 0.3305138888888889 0.029815104166666665 0.05433333333333333