2 0.4130859375 0.12206944444444445 0.038390625 0.07085648148148149
2 0.3132317708333333 0.14572685185185183 0.034942708333333336 0.0632037037037037
2 0.5014661458333334 0.37695370370370374 0.0374765625 0.06526851851851852
2 0.5029296875 0.2881944444444444 0.039703125 0.07058333333333333
2 0.3803723958333334 0.5559907407407407 0.04193229166666667 0.06027777777777777
2 0.45703125 0.3901898148148148 0.03460677083333333 0.07047685185185185
2 0.3967291666666667 0.46962037037037035 0.029921875 0.06260648148148147
1 0.3146979166666667 0.35742129629629626 0.022674479166666664 0.04115277777777778
2 0.494140625 0.5355925925925926 0.03521614583333333 0.07329629629629629
3 0.5107421875 0.7013888888888888 0.038908854166666666 0.06477777777777777
2 0.392578125 0.7530370370370371 0.04009895833333333 0.06613425925925925
2 0.4230963541666667 0.43250925925925926 0.03332552083333333 0.0759537037037037
2 0.3605963541666667 0.8120648148148147 0.03573697916666666 0.06900925925925926
2 0.533203125 0.5316851851851853 0.04647916666666666 0.06635185185185184
2 0.2497552083333333 0.8984398148148148 0.0354921875 0.06900925925925926
3 0.4514166666666667 0.5069444444444444 0.040528645833333335 0.07622685185185185
2 0.5107421875 0.4631064814814815 0.042815104166666666 0.0634212962962963
2 0.3271484375 0.9166666666666666 0.033966145833333336 0.07313425925925926
0 0.6411145833333334 0.5364583333333334 0.03567447916666667 0.06439814814814815
2 0.6489270833333334 0.34526851851851853 0.028763020833333333 0.044245370370370365
1 0.6801770833333334 0.6371527777777778 0.02676302083333333 0.05371296296296296
3 0.5693359375 0.14941203703703704 0.029541666666666667 0.05924537037037037
3 0.4255364583333333 0.6914074074074075 0.02475 0.04299537037037037
3 0.4438489583333334 0.6119814814814816 0.024046875000000002 0.04326851851851852