0 0.4233411458333334 0.7243935185185185 0.0231484375 0.057833333333333334
2 0.4331067708333334 0.110625 0.0348203125 0.07329629629629629
3 0.3986822916666667 0.09147222222222223 0.04223697916666667 0.07074537037037038
2 0.5087890625 0.5125879629629629 0.03833072916666667 0.07411111111111111
3 0.5849609375 0.5243055555555556 0.035065104166666666 0.0788287037037037
2 0.5380859375 0.8411481481481482 0.040252604166666664 0.06645833333333334
2 0.22741666666666666 0.6679675925925925 0.038453125 0.06944444444444445
2 0.5849609375 0.7903657407407407 0.0394296875 0.07221296296296296
2 0.5024427083333334 0.697050925925926 0.03698697916666667 0.06499537037037037
2 0.6044921875 0.8480925925925926 0.044768229166666666 0.0745462962962963
2 0.3547369791666667 0.5117175925925925 0.0386953125 0.06673148148148147
2 0.4323723958333333 0.6106759259259259 0.0368359375 0.0692824074074074
2 0.43359375 0.2910138888888889 0.03964322916666666 0.0632037037037037
3 0.552734375 0.5217037037037038 0.031799479166666665 0.074
2 0.509765625 0.16330092592592593 0.0373828125 0.07666203703703704
2 0.4821770833333333 0.14051851851851851 0.031799479166666665 0.06944444444444445
2 0.5971692708333334 0.450087962962963 0.042815104166666666 0.0632037037037037
2 0.2497552083333333 0.5104166666666666 0.03985677083333334 0.06293518518518518
2 0.6049817708333334 0.6996527777777778 0.038117187500000003 0.07101851851851852
2 0.6147473958333334 0.6306435185185185 0.03775 0.0759537037037037
2 0.4841302083333333 0.4665787037037037 0.032776041666666665 0.06282407407407407
2 0.5537109375 0.418837962962963 0.03607291666666667 0.065375
2 0.2583020833333333 0.31966203703703705 0.03964322916666666 0.06645833333333334
3 0.509765625 0.3964861111111111 0.0368359375 0.05750925925925926
3 0.3374036458333334 0.45052314814814814 0.04147395833333333 0.06260648148148147
2 0.5185546875 0.9270833333333334 0.037109375 0.07752777777777778
2 0.3620598958333333 0.5768240740740741 0.0403125 0.05772685185185185
2 0.6821302083333334 0.7630231481481482 0.0403125 0.07780092592592593
2 0.6411145833333334 0.5824675925925926 0.04370052083333333 0.07942592592592593
2 0.3735364583333334 0.05913425925925926 0.03607291666666667 0.05994907407407408
2 0.4016119791666667 0.38455092592592593 0.034484375 0.06141666666666667
2 0.2751458333333333 0.19368518518518518 0.03423958333333333 0.06309722222222222
3 0.1611328125 0.3565555555555555 0.03567447916666667 0.06439814814814815
2 0.662109375 0.5325509259259259 0.03796354166666667 0.07009722222222223
3 0.2585442708333333 0.4535601851851852 0.039947916666666666 0.05772685185185185
2 0.6455078125 0.7204861111111112 0.04544010416666667 0.06586574074074074
2 0.24206510416666666 0.5668425925925926 0.0387578125 0.05859259259259259
2 0.333984375 0.8589398148148147 0.03802604166666667 0.06260648148148147
2 0.6538098958333334 0.6536481481481482 0.04452604166666666 0.06450925925925927
2 0.55078125 0.6549490740740741 0.03588802083333333 0.05826851851851852
2 0.5727552083333334 0.19433796296296296 0.03698697916666667 0.06760185185185186
2 0.5224609375 0.4492175925925926 0.0364375 0.06152314814814814
1 0.5073255208333334 0.7465277777777778 0.028549479166666666 0.040393518518518516
1 0.4272473958333334 0.5342870370370371 0.024520833333333332 0.04633333333333333
2 0.2702630208333333 0.2545555555555556 0.03769010416666666 0.05935185185185184
3 0.5678723958333334 0.8897592592592594 0.04602083333333333 0.07768981481481482
1 0.6450208333333334 0.8576388888888888 0.025130208333333334 0.05319444444444445
3 0.3217786458333334 0.7057314814814816 0.02676302083333333 0.044842592592592594
3 0.337890625 0.6497407407407407 0.040375 0.07780092592592593
0 0.5063489583333334 0.3120648148148148 0.041625 0.08832407407407407
1 0.6459973958333334 0.7734398148148148 0.030106770833333334 0.04359259259259259
0 0.4079583333333333 0.8519953703703703 0.025374999999999998 0.03887037037037037