0 0.6962890625 0.9357638888888888 0.04419010416666667 0.08355092592592593
2 0.6977552083333334 0.5963564814814816 0.0416875 0.06814351851851852
0 0.4584973958333334 0.19162500000000002 0.031020833333333334 0.059625
2 0.7421875 0.4991342592592593 0.03964322916666666 0.06049074074074074
2 0.419921875 0.28559259259259256 0.034942708333333336 0.06510648148148147
2 0.6669921875 0.6579861111111112 0.0416875 0.06814351851851852
2 0.56640625 0.2486990740740741 0.039552083333333335 0.06412962962962963
2 0.3491223958333334 0.4155833333333333 0.040528645833333335 0.06380092592592593
2 0.5317395833333334 0.22124537037037037 0.0387578125 0.06852314814814814
2 0.7490234375 0.6983518518518519 0.03985677083333334 0.07248148148148148
2 0.767578125 0.822050925925926 0.0394296875 0.07552314814814814
2 0.8002942708333334 0.7660601851851853 0.05023177083333333 0.0748148148148148
2 0.40234375 0.4403194444444445 0.04257291666666666 0.06749074074074074
2 0.3684088541666667 0.31271759259259263 0.03588802083333333 0.06331481481481481
2 0.486328125 0.6666666666666666 0.037109375 0.07139814814814814
2 0.712890625 0.5355925925925926 0.042877604166666666 0.07031481481481482
2 0.6430677083333334 0.7239583333333334 0.04370052083333333 0.08447222222222223
2 0.47265625 0.5390648148148148 0.035828125 0.07009722222222223
2 0.4675286458333333 0.6006944444444444 0.036286458333333334 0.06190277777777778
2 0.5146484375 0.34809259259259256 0.03555208333333334 0.06488888888888888
2 0.4821770833333333 0.35091203703703705 0.03521614583333333 0.06993055555555557
2 0.3664557291666667 0.8233518518518519 0.03460677083333333 0.07221296296296296
2 0.4797369791666667 0.41818518518518516 0.037263020833333334 0.06852314814814814
2 0.5454114583333334 0.29318518518518516 0.03476041666666666 0.0634212962962963
2 0.4025885416666667 0.6215277777777778 0.0368359375 0.05739814814814815
2 0.7456067708333334 0.6280370370370371 0.04510416666666666 0.07205092592592592
2 0.3349609375 0.5907129629629629 0.031799479166666665 0.05221759259259259
2 0.4143072916666667 0.6844629629629629 0.03302083333333333 0.06787037037037037
2 0.7104505208333334 0.7183148148148147 0.04016145833333333 0.06900925925925926
2 0.5668958333333334 0.868925925925926 0.03753645833333333 0.06141666666666667
2 0.2609869791666667 0.511287037037037 0.0328359375 0.0632037037037037
2 0.5815442708333334 0.5568564814814815 0.039703125 0.08137962962962964
2 0.4106458333333334 0.7591157407407407 0.040007812499999997 0.07058333333333333
2 0.3635260416666667 0.5638009259259259 0.03854427083333333 0.06152314814814814
2 0.4877942708333334 0.22786574074074073 0.034484375 0.06624537037037037
2 0.6518567708333334 0.947050925925926 0.044921875 0.07508796296296297
2 0.4255364583333333 0.870662037037037 0.0387578125 0.08197685185185184
2 0.5263671875 0.8932314814814816 0.037200520833333334 0.0745462962962963
2 0.5209973958333334 0.9652777777777778 0.038177083333333334 0.06575462962962964
2 0.63671875 0.8025185185185185 0.038453125 0.07975462962962963
2 0.6020520833333334 0.7795138888888888 0.03775 0.08045833333333333
1 0.3701171875 0.6935787037037038 0.026153645833333336 0.04858333333333333
2 0.4406744791666667 0.6284722222222222 0.03247135416666667 0.05485185185185185
2 0.4580078125 0.8355046296296297 0.036895833333333336 0.07205092592592592
2 0.4465338541666667 0.681425925925926 0.038453125 0.057185185185185186
2 0.5688489583333334 0.8059907407407407 0.038117187500000003 0.07031481481481482
2 0.4411614583333333 0.7335092592592594 0.038908854166666666 0.05935185185185184
2 0.6025390625 0.8489583333333334 0.0452578125 0.066625
2 0.5107421875 0.28038425925925925 0.03671354166666666 0.07682407407407407
3 0.2719739583333334 0.6788194444444444 0.03561458333333333 0.0475787037037037