2 0.3937994791666667 0.7100694444444444 0.031799479166666665 0.07047685185185185
0 0.509765625 0.3031666666666667 0.0445859375 0.09288425925925926
2 0.751953125 0.5282129629629629 0.03881770833333333 0.0759537037037037
2 0.7114270833333334 0.8884537037037037 0.0368359375 0.07356944444444444
2 0.7509765625 0.714412037037037 0.042083333333333334 0.07525
2 0.748046875 0.8650185185185185 0.035828125 0.06401851851851852
2 0.3295911458333334 0.8776064814814816 0.032776041666666665 0.0702037037037037
2 0.77734375 0.6280370370370371 0.04107552083333333 0.06260648148148147
2 0.3381354166666667 0.8016481481481481 0.040007812499999997 0.0654861111111111
2 0.7153333333333334 0.6024305555555556 0.041625 0.06852314814814814
2 0.5717786458333334 0.9322916666666666 0.037200520833333334 0.06575462962962964
2 0.4213880208333334 0.6870648148148147 0.03228645833333334 0.057833333333333334
2 0.6450208333333334 0.4735231481481481 0.04223697916666667 0.07552314814814814
2 0.19091927083333332 0.5377592592592593 0.036622395833333335 0.06391203703703704
2 0.6689453125 0.30577314814814816 0.038390625 0.06700462962962962
2 0.3735364583333334 0.6653657407407407 0.04336458333333334 0.05663888888888889
2 0.6879895833333334 0.3680555555555556 0.038390625 0.06613425925925925
2 0.1838385416666667 0.6171898148148148 0.0426328125 0.07768981481481482
2 0.3825677083333333 0.6106759259259259 0.04153385416666667 0.06613425925925925
1 0.4587395833333333 0.7803842592592594 0.030044270833333334 0.05577314814814815
3 0.56640625 0.6215277777777778 0.045013020833333334 0.08496296296296296
2 0.4035651041666667 0.3802083333333333 0.03332552083333333 0.06824999999999999
3 0.2639166666666667 0.7578148148148148 0.0217734375 0.04275
2 0.6787109375 0.22439351851851852 0.03567447916666667 0.07177777777777777