2 0.5981458333333334 0.4848101851851852 0.036164062500000003 0.06760185185185186
2 0.52734375 0.5364583333333334 0.03601041666666667 0.05642592592592592
2 0.3957526041666667 0.2545555555555556 0.03704947916666667 0.062120370370370374
2 0.5307630208333334 0.21712037037037038 0.037598958333333335 0.0791574074074074
2 0.5239270833333334 0.41927314814814814 0.03753645833333333 0.0587037037037037
2 0.4311536458333334 0.7703981481481481 0.03469791666666667 0.06060185185185185
2 0.4111328125 0.6128472222222222 0.03540104166666667 0.06510648148148147
3 0.4489739583333333 0.5898425925925925 0.03476041666666666 0.057944444444444444
3 0.6557630208333334 0.7213564814814816 0.03567447916666667 0.06900925925925926
2 0.4091796875 0.15592592592592594 0.0305625 0.06814351851851852
2 0.3500989583333334 0.4461805555555556 0.03198177083333333 0.06510648148148147
2 0.4494635416666667 0.6861990740740741 0.0335390625 0.06852314814814814
2 0.6684583333333334 0.8407129629629629 0.040007812499999997 0.07085648148148149
2 0.6767578125 0.6367175925925925 0.038971354166666666 0.06635185185185184
2 0.3491223958333334 0.7552083333333334 0.03540104166666667 0.0725925925925926
2 0.4189453125 0.9383703703703704 0.029984375 0.06624537037037037
0 0.3227552083333334 0.7022592592592594 0.03066927083333333 0.06168518518518519
2 0.3981927083333333 0.7478287037037037 0.036895833333333336 0.07286111111111111
2 0.724609375 0.2467453703703704 0.03948958333333333 0.07872222222222222
3 0.3864739583333333 0.4613703703703703 0.03655989583333333 0.07568518518518517
3 0.3049322916666667 0.7465277777777778 0.022721354166666666 0.04570833333333334
0 0.4934088541666667 0.15125925925925926 0.03240885416666667 0.04068981481481482
1 0.517578125 0.7135416666666666 0.025513020833333334 0.05015740740740741
3 0.3771979166666667 0.7842870370370371 0.021041666666666667 0.040393518518518516