2 0.6634166666666667 0.7022731481481482 0.04457552083333333 0.0834074074074074
3 0.584453125 0.6273240740740741 0.0239140625 0.05681944444444444
0 0.2822265625 0.493925925925926 0.04779166666666667 0.08094444444444444
0 0.19275 0.6141481481481481 0.0328359375 0.06711111111111112
2 0.4604505208333334 0.17317592592592593 0.03588802083333333 0.06944444444444445
3 0.6435546875 0.3632824074074074 0.04153385416666667 0.0692824074074074
2 0.560546875 0.5134537037037037 0.04153385416666667 0.07248148148148148
3 0.5380859375 0.37999074074074074 0.0390625 0.07942592592592593
3 0.4133307291666667 0.3233518518518519 0.0243828125 0.05113425925925926
2 0.669921875 0.6067731481481482 0.04510416666666666 0.07031481481481482
2 0.6186536458333334 0.6449675925925926 0.03769010416666666 0.06613425925925925
2 0.609375 0.8268240740740741 0.03854427083333333 0.08273611111111112
2 0.6376953125 0.5138888888888888 0.0373828125 0.06477777777777777
2 0.716796875 0.8003472222222222 0.04153385416666667 0.06613425925925925
2 0.4643567708333334 0.7139768518518519 0.040528645833333335 0.05935185185185184
2 0.6713880208333334 0.8949675925925926 0.0394296875 0.07470833333333333
3 0.5590833333333334 0.6215277777777778 0.02461197916666667 0.04747222222222223
3 0.513671875 0.3198796296296297 0.023864583333333335 0.04459722222222222
3 0.51171875 0.6679675925925925 0.028929687500000002 0.052111111111111115
3 0.5458984375 0.7118055555555556 0.025374999999999998 0.04831481481481482
3 0.4885260416666667 0.5512175925925926 0.026200520833333334 0.03879166666666667
3 0.3937994791666667 0.4882824074074074 0.025864583333333333 0.05504166666666667
3 0.3308098958333333 0.558162037037037 0.04376302083333334 0.05566203703703704
3 0.47265625 0.4171018518518519 0.026106770833333334 0.04367592592592593
0 0.3217786458333334 0.7517361111111112 0.05603125 0.10704166666666667