0 0.732421875 0.359375 0.051270833333333335 0.07622685185185185
0 0.5825208333333334 0.8697916666666666 0.04061979166666666 0.06738425925925927
2 0.7045911458333334 0.8072916666666666 0.03948958333333333 0.061796296296296294
3 0.6303723958333334 0.6271712962962963 0.04016145833333333 0.06575462962962964
2 0.6186536458333334 0.39431481481481484 0.04486197916666667 0.06836111111111111
2 0.5151380208333334 0.6384537037037037 0.0390625 0.06700462962962962
2 0.5502942708333334 0.5086805555555556 0.04061979166666666 0.06076388888888889
2 0.4611822916666667 0.5633703703703704 0.03137239583333333 0.06369444444444446
2 0.3352057291666667 0.5941851851851853 0.03143229166666667 0.06190277777777778
2 0.3630364583333333 0.3454861111111111 0.03436197916666666 0.06526851851851852
2 0.4094244791666667 0.6883703703703704 0.0364375 0.07139814814814814
2 0.6606458333333334 0.301 0.04107552083333333 0.0634212962962963
2 0.53515625 0.8350694444444444 0.03366145833333333 0.07139814814814814
2 0.3901380208333334 0.6223981481481482 0.03515625 0.06076388888888889
2 0.3347161458333333 0.4229583333333333 0.035828125 0.05973148148148149
2 0.4130859375 0.4166666666666667 0.033203125 0.06401851851851852
2 0.4587395833333333 0.465712962962963 0.03210416666666667 0.057944444444444444
2 0.3051770833333334 0.6627592592592593 0.036164062500000003 0.059625
2 0.3918463541666667 0.22916666666666666 0.03332552083333333 0.06711111111111112
2 0.3054192708333333 0.6019953703703703 0.03240885416666667 0.061796296296296294
2 0.4343255208333333 0.5047731481481481 0.03137239583333333 0.058486111111111114
2 0.3347161458333333 0.2886296296296297 0.035065104166666666 0.07009722222222223
2 0.3833020833333334 0.14106018518518518 0.03314322916666666 0.06814351851851852
2 0.20910677083333334 0.7478287037037037 0.0354921875 0.06450925925925927
2 0.4599609375 0.33485185185185184 0.04296875 0.06760185185185186
3 0.21179166666666666 0.465712962962963 0.037598958333333335 0.059625
2 0.2756354166666667 0.6310787037037038 0.03469791666666667 0.06429166666666666
2 0.3432630208333334 0.6644953703703703 0.04077083333333333 0.07085648148148149
2 0.3664557291666667 0.2645416666666667 0.0364375 0.07329629629629629
2 0.2807630208333334 0.5707453703703703 0.03125 0.06233796296296296
2 0.5810546875 0.47135648148148146 0.031921875 0.05750925925925926
2 0.3815911458333333 0.7026898148148147 0.026703125 0.06038425925925926