3 0.5668958333333334 0.6293425925925926 0.0394296875 0.07427314814814816
2 0.6293958333333334 0.7408842592592593 0.0439453125 0.06852314814814814
2 0.4128411458333333 0.6710092592592594 0.03460677083333333 0.07009722222222223
2 0.6142578125 0.6788194444444444 0.042083333333333334 0.06836111111111111
2 0.556640625 0.5542546296296297 0.041838541666666666 0.06233796296296296
2 0.5400390625 0.6705740740740741 0.040007812499999997 0.06380092592592593
2 0.3801276041666667 0.7157129629629629 0.03796354166666667 0.0719398148148148
2 0.4538567708333333 0.8767361111111112 0.0406796875 0.06852314814814814
2 0.3708489583333333 0.6245648148148147 0.036622395833333335 0.06776388888888889
2 0.4274895833333333 0.743925925925926 0.0354921875 0.06499537037037037
2 0.5278333333333334 0.7764768518518519 0.04321354166666667 0.07356944444444444
2 0.3684088541666667 0.9071203703703704 0.0416875 0.06510648148148147
2 0.3806145833333333 0.7894953703703703 0.03253125 0.06309722222222222
2 0.5444348958333334 0.8480925925925926 0.03378385416666666 0.06814351851851852
2 0.6108411458333334 0.578125 0.0452578125 0.06738425925925927
2 0.6513671875 0.8832453703703703 0.0406796875 0.06966203703703704
2 0.3898932291666667 0.5386296296296297 0.037263020833333334 0.06006018518518518
2 0.5317395833333334 0.5008703703703704 0.04302864583333333 0.065375
2 0.4067395833333334 0.9192731481481482 0.036895833333333336 0.07128703703703704
2 0.548828125 0.40950462962962964 0.03775 0.06814351851851852
2 0.3540052083333334 0.5386296296296297 0.0354921875 0.05826851851851852
2 0.6948255208333334 0.6575509259259259 0.0393359375 0.07221296296296296
2 0.4748541666666667 0.5447037037037037 0.02920572916666667 0.05739814814814815
2 0.5673828125 0.9105925925925926 0.029921875 0.060870370370370366
3 0.7353515625 0.7981759259259259 0.025330729166666666 0.050833333333333335
1 0.49609375 0.25889814814814816 0.024703125 0.045356481481481484
1 0.4572760416666667 0.618925925925926 0.025268229166666666 0.037625