0 0.2900390625 0.4991342592592593 0.03655989583333333 0.05685648148148148
3 0.2934583333333334 0.3617638888888889 0.041229166666666664 0.0625
2 0.3806145833333333 0.4101574074074074 0.03753645833333333 0.06624537037037037
3 0.5122083333333334 0.3363703703703703 0.041778645833333336 0.07074537037037038
3 0.3862317708333334 0.3328981481481481 0.0335390625 0.06836111111111111
2 0.4606927083333333 0.3476574074074074 0.037322916666666664 0.06260648148148147
2 0.4052734375 0.6610231481481481 0.03359895833333334 0.06738425925925927
2 0.4895026041666667 0.6744814814814816 0.041229166666666664 0.066625
2 0.4294427083333333 0.7447916666666666 0.03384375 0.06787037037037037
2 0.3178723958333334 0.6961805555555556 0.034942708333333336 0.05816203703703703
2 0.4729010416666667 0.16796759259259259 0.03234895833333333 0.05935185185185184
2 0.3869635416666667 0.7404537037037038 0.030502604166666666 0.06060185185185185
3 0.4721692708333334 0.6171898148148148 0.04083333333333334 0.06190277777777778
2 0.4506848958333334 0.8116342592592594 0.040007812499999997 0.07302314814814814
3 0.3239739583333333 0.24609259259259256 0.032653645833333335 0.06391203703703704
2 0.5112317708333334 0.7960092592592594 0.044098958333333334 0.07231944444444445
2 0.4145520833333334 0.5807314814814816 0.03125 0.06222685185185185
3 0.5834973958333334 0.5789953703703704 0.033966145833333336 0.07329629629629629
2 0.5263671875 0.8836805555555556 0.0439453125 0.06814351851851852
0 0.2602552083333333 0.578125 0.026106770833333334 0.040393518518518516
3 0.3395989583333333 0.5247407407407407 0.0270078125 0.04123148148148148
0 0.5571302083333334 0.4865462962962963 0.0432734375 0.09722222222222222