2 0.6987317708333334 0.25716203703703705 0.04238802083333334 0.078125
2 0.5419921875 0.26475925925925925 0.034546875 0.07009722222222223
3 0.4987786458333333 0.6436620370370371 0.038239583333333334 0.07166666666666667
2 0.3347161458333333 0.5594629629629629 0.034942708333333336 0.06879166666666667
2 0.4377447916666667 0.5820324074074075 0.03366145833333333 0.06201388888888888
2 0.5024427083333334 0.8624120370370371 0.0364375 0.0725925925925926
2 0.6557630208333334 0.6085092592592594 0.038971354166666666 0.07622685185185185
2 0.4067395833333334 0.465712962962963 0.03295833333333333 0.06586574074074074
2 0.6665052083333334 0.5130231481481482 0.04113802083333333 0.06836111111111111
3 0.5068359375 0.7625879629629629 0.039552083333333335 0.06597222222222222
2 0.296875 0.7152777777777778 0.03390625 0.058486111111111114
2 0.3464348958333333 0.6549490740740741 0.036286458333333334 0.05924537037037037
2 0.4572760416666667 0.2319861111111111 0.03253125 0.0692824074074074
2 0.3447265625 0.3153194444444445 0.04351822916666667 0.06879166666666667
2 0.5859375 0.22243981481481484 0.03588802083333333 0.07248148148148148
2 0.283203125 0.4639768518518519 0.03390625 0.05555555555555555
2 0.5834973958333334 0.5920138888888888 0.03790364583333334 0.060981481481481484
2 0.671875 0.7486990740740741 0.045684895833333336 0.07101851851851852
2 0.4445807291666667 0.17046296296296296 0.0394296875 0.07205092592592592
2 0.525390625 0.13075 0.03561458333333333 0.06879166666666667
2 0.6064453125 0.46788425925925925 0.037200520833333334 0.07248148148148148
2 0.3645026041666667 0.3743472222222222 0.03655989583333333 0.058375
2 0.4741223958333334 0.0788287037037037 0.03216666666666666 0.05859259259259259
2 0.58203125 0.5299490740740741 0.04107552083333333 0.06684259259259259
2 0.6469739583333334 0.4648425925925926 0.03704947916666667 0.06526851851851852
2 0.8149427083333334 0.39952314814814816 0.04238802083333334 0.0691712962962963
2 0.5551770833333334 0.40625 0.03561458333333333 0.066625
1 0.4631354166666667 0.3812916666666667 0.02676302083333333 0.050263888888888886
3 0.6796875 0.953125 0.04296875 0.07156018518518519
3 0.6411145833333334 0.8424490740740741 0.0445859375 0.08197685185185184
0 0.6665052083333334 0.06201388888888888 0.04968229166666667 0.09423611111111112