1 0.5532239583333334 0.3882361111111111 0.03384375 0.05170370370370371
3 0.27028125000000003 0.6017268518518518 0.032960937499999995 0.054935185185185184
3 0.3090833333333334 0.5394953703703703 0.03985677083333334 0.06016666666666667
0 0.5522473958333334 0.8155370370370371 0.04217447916666666 0.07508796296296297
2 0.5698255208333334 0.5021712962962963 0.03775 0.06331481481481481
3 0.4328619791666667 0.5733518518518519 0.027908854166666667 0.04866666666666667
2 0.2768567708333334 0.5264768518518519 0.0302734375 0.060870370370370366
2 0.4216302083333333 0.8094629629629629 0.03515625 0.06391203703703704
0 0.5385755208333334 0.5164953703703704 0.03259375 0.06006018518518518
3 0.5581067708333334 0.5881064814814815 0.03671354166666666 0.06711111111111112
2 0.662109375 0.478300925925926 0.03753645833333333 0.07275462962962963
3 0.494140625 0.6888009259259259 0.034942708333333336 0.07205092592592592
3 0.6025390625 0.7005231481481482 0.0451953125 0.07872222222222222
2 0.6318359375 0.3493935185185185 0.04153385416666667 0.06862962962962964
2 0.5200208333333334 0.4414074074074074 0.0390625 0.06119907407407407
2 0.23034635416666666 0.7934027777777778 0.03796354166666667 0.06966203703703704
3 0.6552734375 0.6137175925925926 0.042328125 0.0763888888888889
2 0.490234375 0.24305555555555555 0.037200520833333334 0.06749074074074074
2 0.4331067708333334 0.7317731481481482 0.038453125 0.06190277777777778
2 0.5322265625 0.197375 0.0406796875 0.0654861111111111
2 0.703125 0.5915787037037037 0.0393359375 0.06836111111111111
3 0.6977552083333334 0.6701388888888888 0.04272395833333333 0.08034722222222222
2 0.5542005208333334 0.45573148148148146 0.03769010416666666 0.06233796296296296
2 0.4536145833333334 0.2714861111111111 0.03790364583333334 0.06722222222222221
2 0.6762708333333334 0.5520833333333334 0.04376302083333334 0.06201388888888888
3 0.4145520833333334 0.6471342592592593 0.03247135416666667 0.07768981481481482
2 0.4345703125 0.1268425925925926 0.028700520833333333 0.06331481481481481
3 0.3864739583333333 0.4058148148148148 0.0413203125 0.06168518518518519
2 0.4641119791666667 0.11925 0.03302083333333333 0.06852314814814814
0 0.3811041666666667 0.7131064814814815 0.020888020833333333 0.04226388888888889
3 0.4929192708333333 0.14203703703703704 0.02475 0.04570833333333334
3 0.6391614583333334 0.5707453703703703 0.025330729166666666 0.046495370370370374