2 0.564453125 0.5837685185185185 0.0413828125 0.07345833333333333
2 0.5639661458333334 0.6666666666666666 0.04452604166666666 0.06787037037037037
2 0.509765625 0.6215277777777778 0.042023437500000003 0.06586574074074074
2 0.455078125 0.37825462962962964 0.038908854166666666 0.06076388888888889
2 0.5024427083333334 0.4895833333333333 0.039703125 0.06016666666666667
2 0.6616223958333334 0.5460092592592594 0.039552083333333335 0.07552314814814814
2 0.6186536458333334 0.4904537037037038 0.04272395833333333 0.06711111111111112
2 0.5336927083333334 0.4205740740740741 0.04217447916666666 0.06711111111111112
2 0.3557135416666667 0.4761296296296297 0.040375 0.06814351851851852
2 0.4716796875 0.5833333333333334 0.03561458333333333 0.06776388888888889
2 0.6611328125 0.7087685185185185 0.040252604166666664 0.062120370370370374
2 0.5278333333333334 0.16916203703703703 0.0374765625 0.057074074074074076
3 0.4206536458333333 0.4283842592592592 0.03979427083333333 0.06852314814814814
2 0.4758307291666667 0.7586805555555556 0.034942708333333336 0.0788287037037037
2 0.3674322916666667 0.4040787037037037 0.033966145833333336 0.07780092592592593
2 0.3674322916666667 0.5694444444444444 0.03775 0.057074074074074076
3 0.3654791666666667 0.3253055555555555 0.0386953125 0.05631481481481482
2 0.4951171875 0.9383703703703704 0.04061979166666666 0.06391203703703704
2 0.5043958333333334 0.5616342592592594 0.03655989583333333 0.05805092592592593
2 0.6845703125 0.4114583333333333 0.04257291666666666 0.0625
2 0.3234869791666667 0.6458333333333334 0.03881770833333333 0.0748148148148148
2 0.5029296875 0.23003703703703704 0.0328359375 0.06222685185185185
3 0.4365234375 0.7157129629629629 0.03790364583333334 0.06749074074074074
2 0.5849609375 0.8628472222222222 0.0413828125 0.08371296296296296
2 0.359375 0.6493055555555556 0.0368359375 0.07508796296296297
1 0.4252942708333334 0.792537037037037 0.029083333333333336 0.0449212962962963
2 0.5063489583333334 0.6918425925925926 0.0472421875 0.05675
3 0.6162109375 0.8012175925925926 0.026809895833333333 0.044000000000000004
0 0.3576666666666667 0.7365462962962963 0.04419010416666667 0.07839814814814815