0 0.724609375 0.6011296296296297 0.04107552083333333 0.07649537037037037
2 0.541015625 0.41862037037037036 0.0378125 0.06038425925925926
3 0.5727552083333334 0.3953981481481481 0.03918489583333333 0.06391203703703704
2 0.4643567708333334 0.30403703703703705 0.02475 0.05113425925925926
2 0.4216302083333333 0.7083333333333334 0.03567447916666667 0.0692824074074074
3 0.384765625 0.23372222222222222 0.022841145833333333 0.040393518518518516
2 0.537109375 0.3658842592592592 0.037109375 0.05620833333333333
2 0.5014661458333334 0.3339861111111111 0.03655989583333333 0.06260648148148147
2 0.3884270833333333 0.7339398148148147 0.03372135416666667 0.0725925925925926
2 0.537109375 0.4986990740740741 0.0386953125 0.06429166666666666
2 0.5048828125 0.4917546296296297 0.0309609375 0.06293518518518518
2 0.572265625 0.5290787037037037 0.04077083333333333 0.066625
2 0.671875 0.5863703703703703 0.03912239583333333 0.06824999999999999
2 0.6303723958333334 0.5642361111111112 0.039276041666666664 0.06559259259259259
2 0.4655755208333333 0.5212685185185185 0.03912239583333333 0.06027777777777777
2 0.4526380208333334 0.6740462962962963 0.03521614583333333 0.08094444444444444
2 0.3962395833333333 0.3483055555555556 0.03326302083333334 0.05525925925925926
2 0.53125 0.309462962962963 0.03460677083333333 0.060870370370370366
2 0.6533203125 0.3559027777777778 0.03137239583333333 0.057944444444444444
2 0.498046875 0.4327268518518519 0.03125 0.057291666666666664
2 0.4382317708333333 0.32487037037037036 0.03204427083333333 0.05973148148148149
2 0.705078125 0.6610231481481481 0.03985677083333334 0.08062037037037037
2 0.6264661458333334 0.4691851851851852 0.038239583333333334 0.06700462962962962
2 0.3937994791666667 0.6662314814814815 0.04147395833333333 0.06760185185185186
2 0.3508307291666667 0.37760648148148146 0.034026041666666666 0.06060185185185185
2 0.4399427083333334 0.5954861111111112 0.03366145833333333 0.07552314814814814
2 0.3037109375 0.3287777777777778 0.037200520833333334 0.05696759259259259
2 0.3989270833333334 0.4292546296296297 0.031083333333333334 0.06060185185185185
2 0.3591302083333333 0.8155370370370371 0.0328984375 0.054740740740740736
2 0.41015625 0.277125 0.031203124999999998 0.06526851851851852
2 0.3234869791666667 0.7378472222222222 0.03066927083333333 0.05881018518518519
2 0.49609375 0.26649537037037035 0.031203124999999998 0.06152314814814814
3 0.7924817708333334 0.7760416666666666 0.049773437499999997 0.07823148148148147
0 0.5659192708333334 0.2892777777777778 0.03259375 0.06168518518518519
0 0.5415052083333334 0.25021759259259263 0.03390625 0.06645833333333334
1 0.34765625 0.3014305555555556 0.024338541666666665 0.05750925925925926
3 0.6147473958333334 0.38042592592592595 0.025513020833333334 0.041962962962962966
3 0.6987317708333334 0.424912037037037 0.024658854166666667 0.05064351851851852