2 0.3728020833333333 0.7256944444444444 0.03601041666666667 0.057833333333333334
2 0.5209973958333334 0.4275185185185185 0.040924479166666666 0.08034722222222222
2 0.4362786458333333 0.6631944444444444 0.0365 0.062120370370370374
2 0.3781744791666667 0.4270833333333333 0.036286458333333334 0.06380092592592593
2 0.642578125 0.6167546296296297 0.0445859375 0.066625
2 0.6728515625 0.4908842592592592 0.04376302083333334 0.0725925925925926
3 0.4953619791666667 0.2580277777777778 0.0413828125 0.08338888888888889
3 0.5610364583333334 0.7026898148148147 0.040375 0.06575462962962964
2 0.5458984375 0.6180555555555556 0.0373828125 0.07823148148148147
3 0.6088880208333334 0.4600694444444444 0.03515625 0.07839814814814815
2 0.5263671875 0.20442592592592593 0.03228645833333334 0.06824999999999999
2 0.583984375 0.5195324074074075 0.04238802083333334 0.06722222222222221
2 0.3806145833333333 0.23567592592592593 0.03430208333333333 0.06488888888888888
2 0.5913098958333334 0.6176203703703703 0.04351822916666667 0.07411111111111111
2 0.3564453125 0.1909722222222222 0.03796354166666667 0.06401851851851852
2 0.4965833333333334 0.4683148148148148 0.032776041666666665 0.06749074074074074
2 0.349609375 0.5438379629629629 0.03601041666666667 0.057291666666666664
3 0.6596692708333334 0.3263888888888889 0.034942708333333336 0.06966203703703704
3 0.4353020833333333 0.8511296296296297 0.038177083333333334 0.0759537037037037
1 0.7705078125 0.8485231481481481 0.028335937500000002 0.05181018518518518