1 0.5141614583333334 0.05663888888888889 0.028166666666666666 0.05514814814814815
3 0.6884765625 0.8289953703703704 0.028166666666666666 0.047199074074074074
2 0.4326171875 0.2858055555555556 0.035828125 0.06586574074074074
1 0.6181640625 0.13628703703703704 0.02987760416666667 0.04885648148148148
2 0.4797369791666667 0.3292083333333333 0.04193229166666667 0.06684259259259259
2 0.5712890625 0.39561574074074074 0.03527864583333333 0.06309722222222222
2 0.5341796875 0.4023425925925926 0.03436197916666666 0.074
2 0.3635260416666667 0.3980046296296297 0.036622395833333335 0.06624537037037037
2 0.6279296875 0.3242175925925926 0.039276041666666664 0.05696759259259259
2 0.4243177083333334 0.5351574074074075 0.03802604166666667 0.06038425925925926
2 0.6044921875 0.4034305555555555 0.03295833333333333 0.06526851851851852
2 0.5791015625 0.6597222222222222 0.0413203125 0.06510648148148147
2 0.5141614583333334 0.6484398148148148 0.03704947916666667 0.06309722222222222
2 0.5249036458333334 0.7855925925925926 0.03704947916666667 0.05913425925925926
2 0.5698255208333334 0.7226574074074075 0.03985677083333334 0.06369444444444446
2 0.6313489583333334 0.5473101851851853 0.041229166666666664 0.07525
2 0.3549817708333334 0.2556435185185185 0.04083333333333334 0.07568518518518517
2 0.3156744791666667 0.4570324074074074 0.034942708333333336 0.06309722222222222
2 0.3781744791666667 0.609375 0.0387578125 0.05913425925925926
2 0.4177239583333333 0.7808148148148147 0.03769010416666666 0.06282407407407407
2 0.3005364583333333 0.6506064814814815 0.03515625 0.07074537037037038
2 0.2398671875 0.9427083333333334 0.03390625 0.059842592592592586