2 0.4641119791666667 0.5134537037037037 0.03314322916666666 0.08246759259259259
3 0.43882812499999996 0.5788009259259259 0.035828125 0.06700462962962962
2 0.6884765625 0.5351574074074075 0.03775 0.06798148148148149
2 0.3479010416666667 0.25151851851851853 0.03366145833333333 0.06966203703703704
0 0.576171875 0.5629351851851853 0.03366145833333333 0.06461574074074074
1 0.5748593750000001 0.6642222222222223 0.025177083333333336 0.04988425925925926
1 0.5805677083333334 0.765625 0.02409375 0.04988425925925926
2 0.3974609375 0.2497824074074074 0.03259375 0.06190277777777778
2 0.451171875 0.20725000000000002 0.03769010416666666 0.07329629629629629
2 0.6762708333333334 0.4509537037037037 0.03796354166666667 0.07579166666666667
2 0.4313958333333333 0.4752592592592592 0.036164062500000003 0.0745462962962963
2 0.3825677083333333 0.3114166666666667 0.0368359375 0.07085648148148149
2 0.5092786458333334 0.26931481481481484 0.037263020833333334 0.0691712962962963
2 0.3461927083333334 0.04299537037037037 0.03314322916666666 0.07221296296296296
1 0.6596692708333334 0.78125 0.02987760416666667 0.04747222222222223
2 0.4943854166666667 0.12955555555555553 0.03912239583333333 0.06597222222222222
2 0.4521484375 0.3235694444444444 0.04083333333333334 0.06824999999999999
2 0.3952630208333333 0.6636296296296297 0.0365 0.06006018518518518
2 0.4729010416666667 0.2749583333333333 0.03753645833333333 0.07009722222222223
2 0.3559583333333334 0.5807314814814816 0.03595052083333334 0.06222685185185185
3 0.3186041666666667 0.6723101851851853 0.032653645833333335 0.06738425925925927
3 0.6865234375 0.21593055555555557 0.029036458333333334 0.05913425925925926
3 0.5849609375 0.387587962962963 0.026106770833333334 0.05675
0 0.2418203125 0.42165740740740737 0.0413828125 0.07383796296296297