1 0.4069817708333333 0.5633703703703704 0.023817708333333333 0.050375
3 0.462890625 0.6996527777777778 0.025130208333333334 0.040310185185185185
2 0.404296875 0.6679675925925925 0.03607291666666667 0.07411111111111111
3 0.4577630208333333 0.6488703703703703 0.041838541666666666 0.06380092592592593
3 0.4301770833333334 0.7122407407407407 0.036223958333333334 0.07736574074074075
2 0.5439453125 0.9635416666666666 0.0364375 0.07031481481481482
0 0.5209973958333334 0.4956620370370371 0.0237265625 0.049236111111111105
0 0.5458984375 0.3033842592592592 0.0394296875 0.0763888888888889
3 0.3549817708333334 0.8884537037037037 0.03555208333333334 0.08034722222222222
2 0.3708489583333333 0.7118055555555556 0.042083333333333334 0.06461574074074074
2 0.5327161458333334 0.7421898148148148 0.041229166666666664 0.06499537037037037
2 0.4729010416666667 0.32790740740740737 0.04061979166666666 0.06222685185185185
2 0.4663098958333334 0.5169259259259259 0.036346354166666664 0.06391203703703704
2 0.4624036458333334 0.4171018518518519 0.03607291666666667 0.0691712962962963
2 0.4770520833333334 0.7703981481481481 0.041229166666666664 0.06412962962962963
2 0.4096692708333334 0.35742129629629626 0.03521614583333333 0.074
2 0.3420416666666667 0.6167546296296297 0.03833072916666667 0.06271759259259259
2 0.375 0.35438425925925926 0.035002604166666666 0.07177777777777777
1 0.5576171875 0.5243055555555556 0.028442708333333334 0.04234259259259259
3 0.5327161458333334 0.5933148148148147 0.035065104166666666 0.06575462962962964
2 0.580078125 0.4149305555555556 0.03655989583333333 0.07031481481481482
2 0.2971197916666667 0.4466157407407408 0.04077083333333333 0.0634212962962963
2 0.3498541666666667 0.4930555555555556 0.0374765625 0.06190277777777778
2 0.2819817708333333 0.572050925925926 0.04009895833333333 0.0634212962962963
2 0.4055182291666667 0.1774074074074074 0.0386953125 0.07535648148148148
2 0.3374036458333334 0.35091203703703705 0.0354921875 0.057074074074074076
2 0.3693854166666667 0.16916203703703703 0.03308072916666667 0.05696759259259259
2 0.3688958333333333 0.5568564814814815 0.036622395833333335 0.05892129629629629
2 0.3864739583333333 0.4277361111111111 0.03302083333333333 0.06673148148148147
2 0.4787604166666667 0.14832870370370368 0.0367734375 0.06429166666666666
2 0.3464348958333333 0.7582453703703703 0.04147395833333333 0.06684259259259259
2 0.3984375 0.285375 0.03769010416666666 0.06190277777777778
2 0.443359375 0.8038194444444444 0.034942708333333336 0.0625
2 0.4145520833333334 0.8528657407407407 0.034026041666666666 0.06477777777777777
2 0.5732421875 0.17404629629629628 0.038971354166666666 0.0792638888888889
3 0.5546875 0.6263009259259259 0.024841145833333335 0.04738888888888889
2 0.4453125 0.8789074074074075 0.0373828125 0.0691712962962963
3 0.5327161458333334 0.8632824074074075 0.043854166666666666 0.06966203703703704
2 0.2639166666666667 0.5026064814814816 0.03671354166666666 0.06879166666666667
3 0.5502942708333334 0.8098981481481482 0.04452604166666666 0.0725925925925926
3 0.4116223958333334 0.4752592592592592 0.0231015625 0.04123148148148148