2 0.4660651041666667 0.35677314814814814 0.042481770833333335 0.07031481481481482
2 0.5004895833333334 0.27105092592592595 0.0394296875 0.05924537037037037
2 0.3759765625 0.7183148148148147 0.03607291666666667 0.060870370370370366
2 0.5029296875 0.5490462962962963 0.04046614583333333 0.06233796296296296
2 0.5581067708333334 0.23654629629629628 0.03860416666666667 0.06760185185185186
2 0.4501953125 0.5668425925925926 0.036286458333333334 0.07286111111111111
2 0.4865729166666667 0.8207453703703703 0.03561458333333333 0.07508796296296297
2 0.5463880208333334 0.6792546296296297 0.0378125 0.06510648148148147
2 0.541015625 0.540800925925926 0.03860416666666667 0.0725925925925926
2 0.6157239583333334 0.5438379629629629 0.03769010416666666 0.060981481481481484
2 0.5112317708333334 0.6059027777777778 0.040375 0.062120370370370374
3 0.6303723958333334 0.6744814814814816 0.04238802083333334 0.07248148148148148
1 0.537109375 0.8472222222222222 0.030625 0.04598148148148148
3 0.4719244791666667 0.7630231481481482 0.029312500000000002 0.047851851851851854
0 0.634765625 0.7547731481481481 0.049958333333333334 0.08702314814814814