2 0.5365156249999999 0.44823148148148145 0.037861979166666664 0.06543055555555556
3 0.4660651041666667 0.5373287037037038 0.033203125 0.07552314814814814
2 0.4350598958333334 0.5182314814814816 0.034088541666666666 0.05772685185185185
2 0.36328125 0.4535601851851852 0.03253125 0.06168518518518519
2 0.5180677083333334 0.5203981481481481 0.03918489583333333 0.06597222222222222
2 0.404296875 0.5282129629629629 0.029984375 0.05924537037037037
2 0.4213880208333334 0.46875 0.032653645833333335 0.06776388888888889
2 0.4875494791666667 0.4995648148148148 0.029312500000000002 0.06575462962962964
2 0.4538567708333333 0.46875 0.033966145833333336 0.06429166666666666
2 0.396484375 0.4379351851851852 0.031143229166666668 0.06824999999999999
3 0.4404296875 0.5768240740740741 0.03860416666666667 0.07031481481481482
2 0.4873046875 0.43728240740740737 0.04419010416666667 0.06624537037037037
2 0.4670416666666667 0.32269907407407405 0.038453125 0.07649537037037037
2 0.5336927083333334 0.6666666666666666 0.03521614583333333 0.06722222222222221
2 0.2619635416666667 0.10037037037037037 0.037598958333333335 0.06814351851851852