0 0.6450208333333334 0.22808333333333333 0.05520572916666667 0.10470833333333333
2 0.4099114583333333 0.7604166666666666 0.03753645833333333 0.05859259259259259
2 0.3310546875 0.8346342592592593 0.036286458333333334 0.061796296296296294
3 0.4289557291666667 0.2632361111111111 0.038177083333333334 0.0635324074074074
2 0.54296875 0.14572685185185183 0.038177083333333334 0.06412962962962963
3 0.3125 0.12380555555555556 0.04009895833333333 0.06862962962962964
3 0.4426276041666667 0.0901712962962963 0.0378125 0.06586574074074074
0 0.2327890625 0.4003888888888889 0.037200520833333334 0.05642592592592592
2 0.453125 0.6666666666666666 0.03655989583333333 0.06233796296296296
2 0.4052734375 0.7022592592592594 0.04083333333333334 0.06201388888888888
2 0.4353020833333333 0.7981759259259259 0.03533854166666666 0.07128703703703704
0 0.2194817708333333 0.6145833333333334 0.03515625 0.06369444444444446
2 0.4877942708333334 0.4982638888888889 0.038971354166666666 0.06429166666666666
3 0.3054192708333333 0.6119814814814816 0.040375 0.0632037037037037
2 0.3942864583333333 0.5598981481481482 0.038453125 0.06738425925925927
2 0.4191901041666667 0.6388888888888888 0.03442447916666667 0.06201388888888888
2 0.4226067708333333 0.5004351851851853 0.03881770833333333 0.062120370370370374
3 0.3427734375 0.37999074074074074 0.0403125 0.06201388888888888
2 0.5322265625 0.6783842592592593 0.03228645833333334 0.06597222222222222
2 0.5283203125 0.7521712962962963 0.033203125 0.05973148148148149
0 0.2155755208333333 0.8007824074074075 0.0341796875 0.06190277777777778
2 0.4860833333333333 0.6037314814814815 0.03378385416666666 0.06331481481481481
2 0.5698255208333334 0.6276064814814816 0.0365 0.07275462962962963
2 0.3044427083333333 0.4351111111111111 0.03601041666666667 0.06450925925925927
2 0.5209973958333334 0.3795555555555556 0.03985677083333334 0.06222685185185185
2 0.4460442708333333 0.9236111111111112 0.037200520833333334 0.06673148148148147
2 0.5947265625 0.6931435185185185 0.036286458333333334 0.0654861111111111
2 0.568359375 0.38172685185185184 0.03918489583333333 0.07356944444444444
3 0.4907239583333334 0.3253055555555555 0.03775 0.07329629629629629
2 0.5629895833333334 0.7061620370370371 0.03326302083333334 0.06944444444444445
2 0.58203125 0.5542546296296297 0.03460677083333333 0.07221296296296296
2 0.4672864583333334 0.4492175925925926 0.038453125 0.06309722222222222
2 0.5458984375 0.5473101851851853 0.038177083333333334 0.07649537037037037
3 0.3559583333333334 0.18033796296296295 0.03366145833333333 0.07752777777777778
3 0.3051770833333334 0.7074675925925926 0.024046875000000002 0.040393518518518516
0 0.4619140625 0.9609398148148148 0.03338541666666666 0.06586574074074074
1 0.3291015625 0.8914953703703704 0.024932291666666665 0.04747222222222223
0 0.5434583333333334 0.9053842592592594 0.050994791666666664 0.08414814814814814