3 0.6435546875 0.3980046296296297 0.03607291666666667 0.0654861111111111
2 0.3603515625 0.30468981481481483 0.03469791666666667 0.06722222222222221
3 0.3923333333333333 0.3971342592592592 0.03912239583333333 0.07128703703703704
0 0.22351041666666666 0.2638888888888889 0.025557291666666666 0.048013888888888884
3 0.3095703125 0.8164074074074075 0.025802083333333333 0.04047222222222222
3 0.568359375 0.7239583333333334 0.037598958333333335 0.07313425925925926
2 0.5126953125 0.7443564814814815 0.036622395833333335 0.07248148148148148
3 0.3879401041666667 0.7018240740740741 0.0373828125 0.05739814814814815
2 0.4260260416666667 0.6879351851851853 0.03436197916666666 0.06966203703703704
2 0.3564453125 0.4848101851851852 0.037598958333333335 0.06006018518518518
2 0.2976067708333333 0.5507824074074075 0.03753645833333333 0.05924537037037037
0 0.22180208333333334 0.5147592592592594 0.03561458333333333 0.07156018518518519
3 0.2875989583333334 0.4943564814814815 0.03775 0.06401851851851852
2 0.4858411458333334 0.6397592592592594 0.03979427083333333 0.07221296296296296
2 0.2717291666666667 0.35742129629629626 0.0309609375 0.05805092592592593
2 0.4877942708333334 0.7096342592592593 0.03366145833333333 0.06836111111111111
2 0.45703125 0.6705740740740741 0.03423958333333333 0.06429166666666666
2 0.24401822916666666 0.3778194444444445 0.03066927083333333 0.05994907407407408
2 0.451171875 0.7404537037037038 0.03595052083333334 0.06391203703703704
2 0.4177239583333333 0.3164074074074074 0.03601041666666667 0.07031481481481482
2 0.3911145833333334 0.4739583333333333 0.0335390625 0.06016666666666667
2 0.4650885416666667 0.18967129629629628 0.0367734375 0.07166666666666667
3 0.2651380208333333 0.4173194444444444 0.0374765625 0.07031481481481482
2 0.375 0.17219907407407406 0.03698697916666667 0.059842592592592586
2 0.4794921875 0.4448796296296297 0.036622395833333335 0.06477777777777777
2 0.4396979166666667 0.4440092592592592 0.04046614583333333 0.06293518518518518
2 0.45703125 0.4960925925925926 0.03912239583333333 0.06450925925925927
2 0.4216302083333333 0.8650185185185185 0.038908854166666666 0.06429166666666666
2 0.5219739583333334 0.42274537037037035 0.044434895833333335 0.07009722222222223
2 0.5166015625 0.32139814814814816 0.03790364583333334 0.07248148148148148
2 0.3896484375 0.6436620370370371 0.038239583333333334 0.06271759259259259
3 0.3776848958333333 0.8324675925925926 0.031143229166666668 0.060981481481481484
2 0.5078125 0.2558611111111111 0.0439453125 0.07058333333333333
2 0.3244635416666667 0.7387175925925926 0.03802604166666667 0.06168518518518519
3 0.275390625 0.6423611111111112 0.031677083333333335 0.05881018518518519
2 0.4418958333333334 0.6006944444444444 0.03704947916666667 0.0691712962962963
2 0.4226067708333333 0.13725925925925928 0.03295833333333333 0.06060185185185185
2 0.3767083333333333 0.9036481481481482 0.035002604166666666 0.05772685185185185
2 0.2873541666666667 0.30881018518518516 0.040007812499999997 0.06152314814814814
2 0.591796875 0.15180092592592592 0.044921875 0.06369444444444446
1 0.3217786458333334 0.1438796296296296 0.025223958333333334 0.04085185185185185
1 0.6000989583333334 0.5499120370370371 0.024184895833333334 0.04579166666666667
1 0.537109375 0.5355925925925926 0.026200520833333334 0.041476851851851855