0 0.4206536458333333 0.9279537037037038 0.038239583333333334 0.06982407407407407
3 0.6325703125000001 0.48936574074074074 0.053411458333333335 0.08642592592592593
3 0.5737317708333334 0.5308148148148147 0.040528645833333335 0.0625
3 0.353515625 0.3051203703703703 0.037263020833333334 0.07666203703703704
3 0.3864739583333333 0.33246759259259256 0.03366145833333333 0.07329629629629629
2 0.4306640625 0.23806481481481484 0.0348828125 0.074
3 0.3981927083333333 0.17903703703703705 0.042023437500000003 0.06966203703703704
3 0.5009765625 0.5885416666666666 0.042877604166666666 0.065375
2 0.4311536458333334 0.4635416666666667 0.03655989583333333 0.05620833333333333
2 0.4328619791666667 0.5186620370370371 0.03881770833333333 0.059027777777777776
2 0.509765625 0.4934907407407408 0.03881770833333333 0.071125
3 0.4553229166666667 0.7881944444444444 0.0387578125 0.06955092592592592
2 0.5083020833333334 0.17903703703703705 0.034484375 0.0625
2 0.2204583333333333 0.7092037037037038 0.03985677083333334 0.06613425925925925
2 0.3959973958333334 0.2441388888888889 0.03775 0.06684259259259259
2 0.3820807291666667 0.6440972222222222 0.038390625 0.0587037037037037
2 0.51953125 0.23980092592592595 0.0341796875 0.06836111111111111
2 0.3649895833333333 0.5108518518518519 0.03912239583333333 0.07139814814814814
2 0.4416510416666667 0.3131527777777778 0.036346354166666664 0.0625
2 0.4602057291666667 0.4010416666666667 0.03588802083333333 0.059625
2 0.505859375 0.3287777777777778 0.03442447916666667 0.06852314814814814
2 0.40234375 0.5716157407407407 0.03460677083333333 0.07009722222222223
2 0.48828125 0.2703981481481481 0.031859375 0.06401851851851852
2 0.5 0.6432314814814816 0.03567447916666667 0.05064351851851852
2 0.3193359375 0.5529537037037038 0.03423958333333333 0.058375
2 0.2702630208333333 0.6171898148148148 0.035065104166666666 0.074
2 0.3723151041666667 0.5846342592592593 0.0341796875 0.0654861111111111
2 0.52734375 0.3819444444444444 0.03802604166666667 0.06369444444444446
2 0.4670416666666667 0.698787037037037 0.03704947916666667 0.06412962962962963
2 0.556640625 0.2404537037037037 0.0368359375 0.06993055555555557
2 0.3547369791666667 0.3680555555555556 0.03436197916666666 0.05587962962962963
2 0.322265625 0.7565092592592593 0.03655989583333333 0.06944444444444445
3 0.5234375 0.6957453703703703 0.0416875 0.06635185185185184
2 0.3251953125 0.6770833333333334 0.0368359375 0.05994907407407408
2 0.4050286458333333 0.703125 0.03573697916666666 0.06613425925925925
2 0.3330078125 0.4869814814814815 0.03314322916666666 0.06684259259259259
2 0.1921380208333333 0.6753472222222222 0.039703125 0.06038425925925926
2 0.2985833333333333 0.6497407407407407 0.03423958333333333 0.06684259259259259
2 0.216796875 0.3953981481481481 0.0387578125 0.06575462962962964
3 0.560546875 0.0692824074074074 0.042481770833333335 0.0691712962962963
2 0.3725598958333334 0.7248287037037038 0.041229166666666664 0.07074537037037038
2 0.2785651041666667 0.3606759259259259 0.03234895833333333 0.060981481481481484
0 0.5517578125 0.8085925925925925 0.04077083333333333 0.09635648148148147