3 0.228515625 0.21614814814814814 0.027221354166666666 0.04475925925925926
3 0.5698255208333334 0.511287037037037 0.04083333333333334 0.06559259259259259
2 0.5073255208333334 0.3554675925925926 0.039947916666666666 0.07177777777777777
2 0.6713880208333334 0.4242638888888889 0.039947916666666666 0.08355092592592593
2 0.4846197916666667 0.2929675925925926 0.0368359375 0.07329629629629629
2 0.7270520833333334 0.42100925925925925 0.0491328125 0.06412962962962963
2 0.3852552083333334 0.6072037037037037 0.035828125 0.05772685185185185
3 0.6127942708333334 0.340712962962963 0.036622395833333335 0.07085648148148149
2 0.4072265625 0.3878055555555555 0.03860416666666667 0.06684259259259259
2 0.2944348958333334 0.4461805555555556 0.0367734375 0.05422685185185185
2 0.3637708333333334 0.3198796296296297 0.03216666666666666 0.06993055555555557
3 0.615234375 0.484375 0.0378125 0.08045833333333333
2 0.341796875 0.4648425925925926 0.03588802083333333 0.06429166666666666
2 0.4106458333333334 0.30121759259259256 0.038390625 0.06738425925925927
2 0.3798828125 0.42968981481481483 0.031143229166666668 0.065375
2 0.3525390625 0.7491342592592594 0.0348203125 0.057944444444444444
3 0.60546875 0.5993935185185185 0.033966145833333336 0.06684259259259259
2 0.3605963541666667 0.6866342592592594 0.0348828125 0.05739814814814815
2 0.4411614583333333 0.3517777777777778 0.035065104166666666 0.06684259259259259
2 0.298828125 0.3901898148148148 0.04009895833333333 0.06060185185185185
2 0.3134765625 0.7361111111111112 0.034484375 0.0632037037037037
3 0.451171875 0.4895833333333333 0.032653645833333335 0.06559259259259259
2 0.3542473958333333 0.6276064814814816 0.03775 0.06260648148148147
3 0.3791510416666667 0.1793611111111111 0.03332552083333333 0.06749074074074074
2 0.392578125 0.7165787037037037 0.0367734375 0.05739814814814815
2 0.2622083333333333 0.5694444444444444 0.0335390625 0.06060185185185185
2 0.3598645833333334 0.5499120370370371 0.039703125 0.06391203703703704
2 0.6669921875 0.8715277777777778 0.03881770833333333 0.06429166666666666
2 0.5361328125 0.7747407407407407 0.0413203125 0.0625
2 0.2476796875 0.5190972222222222 0.03476041666666666 0.060870370370370366
2 0.2963880208333334 0.6223981481481482 0.0305625 0.05485185185185185
2 0.3916015625 0.339625 0.0322265625 0.049615740740740745
2 0.31640625 0.8611111111111112 0.03359895833333334 0.06450925925925927
3 0.4643567708333334 0.6401898148148147 0.040007812499999997 0.0791574074074074
2 0.5346692708333334 0.7157129629629629 0.037322916666666664 0.060981481481481484
3 0.6254895833333334 0.2309027777777778 0.03308072916666667 0.07286111111111111
2 0.2883307291666667 0.8793425925925926 0.030625 0.06152314814814814
3 0.4609375 0.8732638888888888 0.03753645833333333 0.06488888888888888
1 0.5703125 0.03727314814814815 0.028700520833333333 0.04554629629629629
1 0.7211927083333334 0.6545138888888888 0.026153645833333336 0.05663888888888889