1 0.4819348958333334 0.21581944444444445 0.0250390625 0.04606018518518518
1 0.3217786458333334 0.4160138888888889 0.026963541666666667 0.048125
2 0.373046875 0.21191203703703704 0.0378125 0.05675
2 0.3527838541666667 0.15570833333333334 0.0374765625 0.06391203703703704
2 0.4987786458333333 0.25021759259259263 0.03854427083333333 0.06787037037037037
2 0.3955078125 0.5303842592592594 0.03671354166666666 0.06613425925925925
1 0.2712395833333333 0.22461111111111112 0.022979166666666665 0.04367592592592593
2 0.3718255208333333 0.45399537037037035 0.04107552083333333 0.06006018518518518
2 0.3276380208333334 0.6566851851851853 0.03588802083333333 0.06944444444444445
1 0.4255364583333333 0.43381018518518516 0.025421875 0.050944444444444445
3 0.5747083333333334 0.4861111111111111 0.042083333333333334 0.06900925925925926
2 0.2934583333333334 0.5247407407407407 0.04272395833333333 0.0634212962962963
1 0.380859375 0.30642592592592593 0.0250390625 0.046685185185185184
2 0.3708489583333333 0.36132870370370374 0.039703125 0.06635185185185184
3 0.5517578125 0.24283796296296295 0.040252604166666664 0.07568518518518517
1 0.26171875 0.29080092592592593 0.023697916666666666 0.049805555555555554
2 0.529296875 0.4635416666666667 0.040252604166666664 0.06613425925925925
3 0.5830078125 0.3049027777777778 0.043609375 0.07535648148148148
3 0.4743645833333333 0.5316851851851853 0.029755208333333335 0.04587037037037037
1 0.3576666666666667 0.6671018518518519 0.026916666666666665 0.04684722222222222
3 0.416015625 0.7517361111111112 0.026307291666666666 0.04350925925925926
2 0.5737317708333334 0.6041666666666666 0.047882812500000003 0.07356944444444444
1 0.4924322916666667 0.6801203703703703 0.0243828125 0.048393518518518516
2 0.3017578125 0.07427314814814816 0.0393359375 0.06271759259259259
2 0.3171380208333333 0.78125 0.0403125 0.0634212962962963
1 0.2171640625 0.16362962962962962 0.028015625 0.0426712962962963
3 0.4389661458333334 0.1172962962962963 0.022627604166666666 0.049615740740740745
3 0.4899895833333333 0.3680555555555556 0.024567708333333334 0.042916666666666665
3 0.412109375 0.6640648148148148 0.025513020833333334 0.04766203703703704
0 0.2307135416666667 0.4565972222222222 0.03533854166666666 0.07248148148148148
1 0.5151380208333334 0.8346342592592593 0.021531250000000002 0.047935185185185185
3 0.5336927083333334 0.07156018518518519 0.024567708333333334 0.05642592592592592
3 0.4497083333333334 0.02962037037037037 0.024794270833333333 0.04684722222222222
0 0.1409921875 0.4552962962962963 0.037598958333333335 0.060981481481481484
0 0.2138671875 0.5412314814814815 0.0432734375 0.06586574074074074
3 0.4780286458333334 0.8641481481481481 0.024794270833333333 0.05007407407407407
0 0.2204583333333333 0.7039953703703704 0.042815104166666666 0.09830555555555556