3 0.4768072916666667 0.4639768518518519 0.0451953125 0.07286111111111111
2 0.4523932291666667 0.23806481481481484 0.03698697916666667 0.06060185185185185
2 0.3510755208333334 0.4891481481481481 0.036286458333333334 0.06168518518518519
3 0.3635260416666667 0.7795138888888888 0.03460677083333333 0.07470833333333333
2 0.20422395833333334 0.8710925925925925 0.03802604166666667 0.06814351851851852
2 0.23938020833333334 0.7478287037037037 0.03655989583333333 0.07437962962962963
2 0.4001458333333333 0.7638888888888888 0.032653645833333335 0.06966203703703704
2 0.4794921875 0.29362037037037036 0.037263020833333334 0.059842592592592586
2 0.3129895833333334 0.4908842592592592 0.033203125 0.06586574074074074
2 0.5283203125 0.6896712962962963 0.0328984375 0.06862962962962964
2 0.4399427083333334 0.6263009259259259 0.0348203125 0.06824999999999999
2 0.3549817708333334 0.6336805555555556 0.034484375 0.06119907407407407
2 0.5126953125 0.36783796296296295 0.04046614583333333 0.06130555555555555
2 0.572265625 0.4631064814814815 0.0386953125 0.06152314814814814
3 0.390625 0.6618935185185185 0.036164062500000003 0.08034722222222222
2 0.5766614583333334 0.5993935185185185 0.04193229166666667 0.06749074074074074
2 0.552734375 0.40625 0.03588802083333333 0.057944444444444444
2 0.19287239583333332 0.7434907407407407 0.0390625 0.06076388888888889
2 0.5717786458333334 0.8246527777777778 0.03854427083333333 0.06955092592592592
2 0.2983411458333334 0.8315972222222222 0.034484375 0.06450925925925927
2 0.5131848958333334 0.605037037037037 0.03912239583333333 0.07356944444444444
2 0.4152838541666667 0.5642361111111112 0.03423958333333333 0.07427314814814816
2 0.3667005208333334 0.4075509259259259 0.0341796875 0.07221296296296296
1 0.5385755208333334 0.5542546296296297 0.026260416666666668 0.05251851851851852
1 0.4924322916666667 0.7057314814814816 0.029984375 0.05259722222222222
3 0.5922864583333334 0.5351574074074075 0.04238802083333334 0.071125
1 0.3388671875 0.4492175925925926 0.023513020833333335 0.04475925925925926
3 0.1843255208333333 0.828125 0.027846354166666667 0.052111111111111115
3 0.4265130208333333 0.3849814814814815 0.026153645833333336 0.04315740740740741