2 0.4697265625 0.681425925925926 0.042481770833333335 0.07101851851851852
2 0.4560546875 0.4461805555555556 0.03567447916666667 0.07345833333333333
2 0.3391119791666667 0.471787037037037 0.040252604166666664 0.061796296296296294
2 0.4897473958333334 0.4340277777777778 0.035828125 0.06890277777777779
2 0.4343255208333333 0.7013888888888888 0.03338541666666666 0.06391203703703704
2 0.4987786458333333 0.7491342592592594 0.033966145833333336 0.07047685185185185
2 0.4643567708333334 0.7630231481481482 0.03948958333333333 0.06152314814814814
2 0.3615729166666667 0.7730046296296297 0.036286458333333334 0.06309722222222222
2 0.5102552083333334 0.509550925925926 0.03655989583333333 0.0691712962962963
2 0.4848645833333334 0.5568564814814815 0.04016145833333333 0.06369444444444446
2 0.548828125 0.572050925925926 0.04376302083333334 0.07725925925925926
2 0.5151380208333334 0.828125 0.040528645833333335 0.074
2 0.3452161458333334 0.5377592592592593 0.0334765625 0.06624537037037037
2 0.4533697916666667 0.8580740740740741 0.03555208333333334 0.06190277777777778
2 0.3190911458333333 0.6302083333333334 0.04370052083333333 0.06711111111111112
2 0.5229505208333334 0.2513009259259259 0.0367734375 0.0763888888888889
3 0.3764661458333334 0.5460092592592594 0.03533854166666666 0.06477777777777777
2 0.388671875 0.3415787037037037 0.03595052083333334 0.059625
2 0.5341796875 0.40993981481481484 0.036895833333333336 0.065375
2 0.626953125 0.5182314814814816 0.041229166666666664 0.06944444444444445
2 0.4777838541666667 0.20399537037037035 0.040375 0.066625
2 0.4797369791666667 0.8216157407407407 0.03521614583333333 0.07156018518518519
0 0.3322760416666667 0.578125 0.03210416666666667 0.05251851851851852
3 0.46484375 0.5121527777777778 0.038908854166666666 0.05772685185185185
1 0.5859375 0.2265648148148148 0.028486979166666666 0.049504629629629635
3 0.5205078125 0.4635416666666667 0.0250390625 0.03879166666666667
3 0.3737786458333333 0.4943564814814815 0.029921875 0.0426712962962963