2 0.5029296875 0.4583333333333333 0.0394296875 0.07009722222222223
2 0.4807135416666667 0.23329166666666667 0.042328125 0.06613425925925925
3 0.5366223958333334 0.6388888888888888 0.040528645833333335 0.06222685185185185
2 0.4780286458333334 0.049615740740740745 0.03259375 0.06711111111111112
2 0.4096692708333334 0.07823148148148147 0.0390625 0.06944444444444445
2 0.3947760416666667 0.30881018518518516 0.033966145833333336 0.06038425925925926
2 0.46875 0.5060787037037038 0.030791666666666665 0.06836111111111111
2 0.4323723958333333 0.5108518518518519 0.0378125 0.06477777777777777
2 0.3974609375 0.5108518518518519 0.036164062500000003 0.06412962962962963
2 0.4479973958333333 0.5685787037037038 0.0348828125 0.06814351851851852
2 0.376953125 0.5594629629629629 0.042328125 0.06488888888888888
3 0.6245130208333334 0.5121527777777778 0.04272395833333333 0.07796296296296297
2 0.732421875 0.3572037037037037 0.04486197916666667 0.0702037037037037
3 0.3010260416666667 0.42686574074074074 0.024140625000000002 0.04139351851851852
0 0.6176770833333334 0.19400925925925927 0.06097395833333333 0.11078703703703704