2 0.4787604166666667 0.6328148148148148 0.03540104166666667 0.0587037037037037
2 0.4831536458333333 0.3483055555555556 0.0378125 0.07611574074074073
2 0.3156744791666667 0.7243935185185185 0.0364375 0.06168518518518519
3 0.3637708333333334 0.7209212962962963 0.03802604166666667 0.0691712962962963
2 0.4614270833333334 0.43381018518518516 0.03979427083333333 0.06391203703703704
3 0.3518072916666667 0.21267592592592593 0.034088541666666666 0.05750925925925926
2 0.5317395833333334 0.4978287037037037 0.04083333333333334 0.06890277777777779
2 0.4130859375 0.605037037037037 0.03338541666666666 0.05805092592592593
2 0.5537109375 0.40082407407407405 0.03833072916666667 0.07313425925925926
3 0.4741223958333334 0.21375925925925926 0.03326302083333334 0.05805092592592593
2 0.4963385416666667 0.578125 0.039703125 0.06168518518518519
2 0.416015625 0.5164953703703704 0.035002604166666666 0.05935185185185184
2 0.4187005208333333 0.44118981481481484 0.03372135416666667 0.06624537037037037
1 0.3801276041666667 0.3274722222222222 0.028335937500000002 0.04188425925925926
3 0.4265130208333333 0.792537037037037 0.037322916666666664 0.06966203703703704
2 0.4094244791666667 0.8697916666666666 0.032653645833333335 0.07047685185185185
2 0.3581536458333333 0.5082453703703703 0.03228645833333334 0.07736574074074075
2 0.4587395833333333 0.5455740740740741 0.0378125 0.07166666666666667
2 0.6235364583333334 0.2050787037037037 0.04544010416666667 0.07248148148148148
2 0.5756848958333334 0.6367175925925925 0.0413203125 0.065375
3 0.3903802083333333 0.06862962962962964 0.0393359375 0.06944444444444445
2 0.5815442708333334 0.34179629629629626 0.038390625 0.0635324074074074
0 0.2937005208333333 0.23155555555555557 0.031083333333333334 0.06586574074074074
2 0.3874505208333333 0.4848101851851852 0.03390625 0.06776388888888889
0 0.5595703125 0.21278240740740742 0.03588802083333333 0.0635324074074074
0 0.6469739583333334 0.5221342592592593 0.0348203125 0.06645833333333334
2 0.4416510416666667 0.9097222222222222 0.0289765625 0.05555555555555555