3 0.4729010416666667 0.03955092592592593 0.028273437499999998 0.049125
0 0.544921875 0.9435787037037038 0.036346354166666664 0.06049074074074074
3 0.6904296875 0.8858518518518519 0.044921875 0.06776388888888889
1 0.8061536458333334 0.828125 0.03228645833333334 0.049615740740740745
3 0.5571302083333334 0.5746527777777778 0.04083333333333334 0.06271759259259259
3 0.83984375 0.5542546296296297 0.0403125 0.06331481481481481
2 0.4501953125 0.6432314814814816 0.037263020833333334 0.0745462962962963
2 0.4833984375 0.6809907407407407 0.03555208333333334 0.06900925925925926
1 0.6201171875 0.8602453703703704 0.03469791666666667 0.05973148148148149
2 0.5161145833333334 0.8745648148148147 0.04016145833333333 0.06749074074074074
1 0.4177239583333333 0.8363703703703703 0.028166666666666666 0.046685185185185184
2 0.3793958333333334 0.7400185185185185 0.036286458333333334 0.06488888888888888
2 0.509765625 0.487412037037037 0.03561458333333333 0.07275462962962963
2 0.4855963541666667 0.4075509259259259 0.03390625 0.05514814814814815
2 0.4138177083333333 0.41297685185185184 0.03326302083333334 0.05319444444444445
2 0.748046875 0.6840277777777778 0.04153385416666667 0.06526851851851852
2 0.5698255208333334 0.6875 0.04238802083333334 0.06944444444444445
2 0.7939453125 0.4587685185185185 0.0413828125 0.06499537037037037
2 0.794921875 0.3326805555555556 0.03854427083333333 0.06722222222222221
2 0.7954114583333334 0.5837685185185185 0.039947916666666666 0.08273611111111112
2 0.6982421875 0.5664074074074075 0.0373828125 0.07248148148148148
2 0.6875 0.7204861111111112 0.0413828125 0.06944444444444445
2 0.5405286458333334 0.651912037037037 0.040375 0.07302314814814814
2 0.6669921875 0.5954861111111112 0.03521614583333333 0.07329629629629629
2 0.5546875 0.37521759259259263 0.036164062500000003 0.06380092592592593
2 0.5551770833333334 0.4370648148148148 0.038177083333333334 0.06613425925925925
2 0.8681640625 0.605037037037037 0.04544010416666667 0.06282407407407407
2 0.626953125 0.5551203703703703 0.040924479166666666 0.06559259259259259
2 0.5200208333333334 0.39735185185185184 0.03860416666666667 0.06510648148148147
2 0.5322265625 0.34114814814814814 0.034484375 0.06510648148148147
2 0.7563489583333334 0.37131018518518516 0.043854166666666666 0.06461574074074074
2 0.5688489583333334 0.5195324074074075 0.0374765625 0.061796296296296294
2 0.6450208333333334 0.6731759259259259 0.0406796875 0.06119907407407407
2 0.6059583333333334 0.5004351851851853 0.042481770833333335 0.06749074074074074
2 0.71484375 0.3901898148148148 0.036346354166666664 0.06824999999999999
2 0.6904296875 0.4978287037037037 0.0394296875 0.07383796296296297
2 0.6767578125 0.43250925925925926 0.0406796875 0.06836111111111111
2 0.6518567708333334 0.4982638888888889 0.03985677083333334 0.07666203703703704
2 0.7231458333333334 0.4665787037037037 0.03326302083333334 0.05739814814814815
2 0.4047864583333334 0.245875 0.03469791666666667 0.05913425925925926
0 0.4812005208333333 0.1243472222222222 0.03423958333333333 0.07128703703703704
3 0.4584973958333334 0.25195370370370374 0.03359895833333334 0.06900925925925926
3 0.6079114583333334 0.2054027777777778 0.028015625 0.04443518518518519
2 0.5493177083333334 0.19943518518518516 0.03259375 0.06559259259259259
0 0.5200208333333334 0.7309027777777778 0.027114583333333334 0.05341203703703704
3 0.6625989583333334 0.1909722222222222 0.047882812500000003 0.10183333333333333
3 0.3317864583333333 0.5104166666666666 0.0504140625 0.06711111111111112