0 0.6430654761904763 0.4973148148148149 0.06634589947089947 0.06188822751322751
0 0.4772949735449735 0.5258796296296296 0.06488095238095237 0.07586640211640211
0 0.4020998677248677 0.46435515873015876 0.049041005291005295 0.039702380952380954
0 0.5952149470899472 0.5766600529100528 0.04525793650793651 0.03964285714285714
0 0.4582506613756614 0.6386706349206349 0.04913359788359789 0.05108796296296297
0 0.44628968253968254 0.405760582010582 0.05758597883597883 0.06268187830687831
0 0.5224603174603175 0.484130291005291 0.03402777777777778 0.03927579365079365
0 0.5888657407407407 0.4199206349206349 0.052033730158730154 0.05813492063492064
0 0.5332043650793651 0.6298842592592593 0.06671296296296296 0.07354828042328042
0 0.5888657407407407 0.484619708994709 0.05419973544973545 0.05108796296296297
0 0.6264649470899472 0.4423842592592592 0.049589947089947094 0.046203703703703705