1 0.5747056878306879 0.5053703703703704 0.041838624338624335 0.047149470899470906
1 0.5571296296296296 0.562010582010582 0.04443452380952381 0.04223544973544974
1 0.4909656084656085 0.499755291005291 0.05261243386243386 0.0453505291005291
1 0.4038095238095238 0.5756845238095237 0.04168650793650794 0.051177248677248675
1 0.7246097883597883 0.46875 0.046385582010582016 0.05184854497354497
1 0.641114417989418 0.5327149470899472 0.05013888888888889 0.04168650793650794
1 0.8178703703703702 0.5209953703703704 0.046815476190476185 0.052033730158730154
1 0.7309556878306878 0.5356448412698412 0.05450396825396825 0.0455324074074074
1 0.4985350529100529 0.45703042328042326 0.05108796296296297 0.04217592592592593
1 0.7119146825396825 0.3666997354497355 0.051941137566137566 0.047791005291005294
1 0.5561507936507937 0.3105456349206349 0.051451719576719575 0.05603174603174603
1 0.6538095238095237 0.3996593915343915 0.05398478835978836 0.046478174603174605
1 0.4702149470899471 0.6826157407407407 0.05184854497354497 0.04849206349206349