0 0.3944510582010582 0.6315128968253969 0.0721031746031746 0.06323660714285714
0 0.48112103174603177 0.4162599206349206 0.06925595238095238 0.06042410714285714
0 0.43001322751322746 0.4731448412698413 0.08068783068783068 0.05602926587301587
0 0.593098544973545 0.5908209325396826 0.07043320105820106 0.049042658730158735
0 0.5035813492063492 0.6162103174603174 0.06575396825396826 0.05081101190476191
0 0.655598544973545 0.4665525793650794 0.058022486772486774 0.041840277777777775
0 0.5458994708994709 0.4838864087301587 0.04931547619047619 0.03918402777777778
0 0.31721891534391533 0.5395510912698412 0.09375 0.05877728174603175
0 0.5934259259259259 0.4121106150793651 0.06599867724867725 0.052703373015873016
0 0.4528009259259259 0.5498040674603174 0.1043287037037037 0.058990575396825395
0 0.6809887566137566 0.5712896825396826 0.03501322751322751 0.030151289682539682
0 0.5397123015873015 0.5498040674603174 0.044513888888888895 0.040984623015873016