3 0.5761706349206349 0.6616203703703704 0.07171626984126984 0.08361772486772487
3 0.6313492063492063 0.4948743386243386 0.06927579365079366 0.06561177248677248
3 0.5107407407407407 0.44946428571428576 0.06719907407407408 0.06109457671957672
3 0.31713955026455026 0.5361342592592593 0.08599867724867725 0.06878637566137566
3 0.5834953703703704 0.406494708994709 0.06384259259259259 0.07226521164021164
3 0.4992691798941799 0.2719742063492064 0.07250992063492064 0.0759887566137566
3 0.34912037037037036 0.6284193121693121 0.0473313492063492 0.049589947089947094
3 0.5327149470899472 0.35180555555555554 0.06585648148148149 0.0796494708994709
3 0.41796957671957674 0.671385582010582 0.07519510582010581 0.07183862433862434
3 0.5854497354497354 0.5278306878306879 0.05801256613756614 0.05844246031746032
3 0.39648478835978834 0.891600529100529 0.0778207671957672 0.08416666666666667
3 0.359375 0.4460449735449735 0.06622354497354498 0.07421957671957671
3 0.40185515873015876 0.3842757936507936 0.06188822751322751 0.07696428571428572
3 0.5234391534391535 0.19555555555555557 0.06793320105820105 0.08007936507936508