0 0.5325529100529101 0.5058606150793651 0.05664021164021164 0.04922371031746032
0 0.4752612433862434 0.5205084325396826 0.045654761904761906 0.027740575396825395
0 0.4576818783068783 0.48706101190476186 0.047404100529100525 0.031021825396825395
0 0.48828042328042326 0.3928224206349206 0.03513558201058201 0.03314236111111111
0 0.5986342592592593 0.38574156746031746 0.04410714285714286 0.03155505952380953
0 0.44335978835978834 0.4140625 0.0362962962962963 0.030853174603174605
0 0.5227876984126985 0.37597718253968254 0.03369047619047619 0.03442460317460318
0 0.5800793650793651 0.45971726190476186 0.05139219576719577 0.03875744047619048
0 0.4635416666666667 0.44238343253968254 0.03857473544973545 0.03149305555555556
0 0.6386706349206349 0.42163194444444446 0.03643849206349206 0.03027281746031746
0 0.5628240740740741 0.40698164682539684 0.0430489417989418 0.028167162698412698
0 0.5039054232804233 0.4553224206349206 0.05033399470899471 0.03417906746031746
0 0.5804034391534392 0.49585069444444446 0.04614417989417989 0.026351686507936508
0 0.5550132275132275 0.34399305555555554 0.03401785714285714 0.03265376984126984
0 0.5133465608465608 0.42431547619047616 0.031818783068783066 0.026917162698412697
0 0.6038425925925925 0.42846726190476186 0.04321428571428572 0.025910218253968255