3 0.5511078042328043 0.4536135912698413 0.07580687830687831 0.04733382936507936
3 0.21110119047619047 0.65625 0.09025132275132276 0.0528249007936508
3 0.4267592592592592 0.5263665674603174 0.06071097883597884 0.05004960317460318
3 0.48665343915343917 0.3325198412698413 0.0694973544973545 0.05718998015873016
3 0.6442063492063492 0.40087797619047616 0.08084986772486773 0.05032242063492064
3 0.27180886243386243 0.29834077380952384 0.08463624338624338 0.06463541666666667
3 0.37890542328042326 0.40307539682539684 0.06392526455026455 0.044677579365079365
3 0.4521494708994709 0.7036135912698412 0.07132936507936508 0.05331349206349206
3 0.3880224867724868 0.58984375 0.060138888888888895 0.046721230158730157
3 0.6259755291005291 0.6396478174603174 0.06612103174603175 0.05480902777777778
3 0.4482407407407408 0.6201165674603174 0.055380291005291 0.05004960317460318
3 0.4638657407407408 0.5693353174603174 0.059123677248677245 0.05050595238095238
3 0.39323082010582017 0.6411135912698412 0.06404761904761905 0.049042658730158735