2 0.25952050264550264 0.4680191798941799 0.06188822751322751 0.0630489417989418
2 0.20422288359788363 0.6352546296296296 0.060760582010582015 0.057374338624338626
2 0.6035152116402116 0.735839947089947 0.05154431216931217 0.06176917989417989
2 0.312255291005291 0.6699206349206349 0.06231812169312169 0.05920304232804233
2 0.39453042328042326 0.4636243386243386 0.05319113756613757 0.05932539682539683
2 0.30639550264550264 0.797364417989418 0.06118716931216931 0.06952050264550264
2 0.2944345238095238 0.6127943121693121 0.05233796296296297 0.05050595238095238
2 0.780760582010582 0.515625 0.06176917989417989 0.049864417989417986
2 0.22717261904761907 0.719725529100529 0.061309523809523814 0.06439153439153439
2 0.483885582010582 0.6752943121693121 0.05233796296296297 0.061646825396825394
2 0.3962400793650794 0.796385582010582 0.05932539682539683 0.07421957671957671
2 0.24011243386243386 0.5659193121693121 0.051269841269841264 0.0474239417989418
2 0.3110350529100529 0.38842923280423275 0.06063822751322751 0.056335978835978844
2 0.640625 0.4885251322751323 0.05081018518518519 0.05541997354497354
2 0.7011706349206349 0.7578141534391535 0.05889880952380953 0.06439153439153439
2 0.5834953703703704 0.4694808201058201 0.061646825396825394 0.05572420634920634
2 0.14501984126984127 0.9003902116402117 0.07574404761904763 0.06781084656084656
2 0.516114417989418 0.7729497354497354 0.0474239417989418 0.0637202380952381
2 0.5815443121693121 0.4111342592592592 0.05175925925925926 0.05468915343915344
2 0.3823247354497355 0.32690476190476186 0.05987433862433862 0.05261243386243386
2 0.5986342592592593 0.59375 0.05572420634920634 0.054596560846560845
2 0.8769543650793651 0.6625992063492063 0.05822751322751323 0.06451388888888888
2 0.14624007936507938 0.8383796296296298 0.08093253968253969 0.07434193121693122
2 0.8393551587301588 0.3115244708994709 0.05499338624338625 0.05728174603174603