3 0.6914054232804233 0.6625967261904763 0.0586739417989418 0.05081101190476191
2 0.7740873015873017 0.7407217261904763 0.06709656084656085 0.05041418650793651
2 0.5276686507936508 0.69921875 0.05989748677248677 0.05041418650793651
2 0.6123048941798942 0.6513665674603174 0.059447751322751326 0.0450124007936508
2 0.1990575396825397 0.48193452380952384 0.06160383597883597 0.04577628968253968
2 0.21207671957671959 0.42993055555555554 0.07254960317460317 0.04248015873015873
2 0.4466137566137566 0.5410168650793651 0.05403769841269841 0.0403125
2 0.38216269841269845 0.6748040674603174 0.05969246031746032 0.04351686507936508
2 0.6175132275132275 0.5546875 0.058022486772486774 0.04193204365079365
2 0.6888029100529101 0.5131845238095237 0.058267195767195766 0.04690476190476191
2 0.31071097883597887 0.67578125 0.05904100529100529 0.04940724206349206
2 0.3955092592592592 0.44458085317460316 0.06091269841269841 0.04742311507936508
2 0.6246759259259259 0.4941418650793651 0.059368386243386244 0.043608630952380954
2 0.19873015873015873 0.6069345238095237 0.07413690476190476 0.04959077380952381
2 0.1871759259259259 0.2963864087301587 0.06697751322751322 0.04568452380952381
2 0.5104166666666666 0.46972718253968254 0.059814814814814814 0.03875744047619048
2 0.42252645502645503 0.5986334325396826 0.05847222222222222 0.04492311507936508
2 0.5169279100529101 0.3261731150793651 0.06661044973544973 0.04370039682539682
2 0.33203042328042326 0.49365327380952384 0.06925595238095238 0.044097222222222225
2 0.37272156084656083 0.7558606150793651 0.05004960317460317 0.04476934523809523
2 0.7695304232804233 0.42724702380952384 0.06148148148148148 0.045195932539682536
2 0.48274801587301586 0.3613293650793651 0.06278439153439154 0.042023809523809526
2 0.4270833333333333 0.74609375 0.055704365079365076 0.042571924603174605
2 0.3574206349206349 0.34643601190476186 0.06612103174603175 0.044097222222222225
2 0.2241203703703704 0.5346676587301588 0.07014880952380952 0.040771329365079365
2 0.2563492063492064 0.33666914682539684 0.05664021164021164 0.04394593253968254
2 0.6083994708994709 0.38012648809523814 0.05375 0.04733382936507936
2 0.38671957671957674 0.28027281746031746 0.06624338624338624 0.04760664682539682