3 0.4192724867724868 0.17944444444444443 0.08129960317460318 0.0793452380952381
3 0.33691468253968254 0.49316468253968254 0.06624338624338624 0.0450124007936508
3 0.5628240740740741 0.27636656746031746 0.06477843915343914 0.04553323412698413
3 0.5143220899470899 0.6655282738095237 0.06205357142857143 0.039947916666666666
3 0.46809854497354497 0.2639161706349206 0.06612103174603175 0.04559275793650794
3 0.6920568783068783 0.28979414682539684 0.06404761904761905 0.04638640873015873
3 0.24039682539682541 0.5644543650793651 0.05423941798941799 0.04681299603174603
3 0.5576157407407407 0.4235838293650794 0.059447751322751326 0.04794394841269841
3 0.3165674603174603 0.6875 0.07389219576719576 0.051941964285714286
3 0.7350264550264549 0.5214856150793651 0.06490079365079365 0.04272569444444445
3 0.5042328042328043 0.7714856150793651 0.06526785714285714 0.05865575396825397
3 0.7701818783068783 0.4006349206349206 0.059447751322751326 0.04663194444444445
3 0.6357407407407407 0.5922842261904763 0.056845238095238095 0.03845238095238095
3 0.5100925925925925 0.5043948412698412 0.06502314814814815 0.042876984126984125
3 0.44726521164021166 0.5957043650793651 0.04846230158730159 0.045257936507936504
3 0.3336574074074074 0.3715823412698413 0.0628670634920635 0.04867559523809523
3 0.5413425925925925 0.59375 0.06428902116402116 0.054107142857142854
3 0.6201157407407407 0.48706101190476186 0.04756613756613757 0.03845238095238095
3 0.7545568783068783 0.70703125 0.05167658730158731 0.03985615079365079