1 0.49251322751322746 0.5766592261904763 0.04777116402116403 0.038390376984126985
1 0.37369708994708994 0.5424801587301588 0.050251322751322755 0.040528273809523806
1 0.32877645502645503 0.640625 0.056233465608465615 0.033539186507936504
1 0.3330092592592592 0.5693353174603174 0.04732142857142857 0.0382390873015873
1 0.46516865079365083 0.6318353174603174 0.039976851851851854 0.04370039682539682
1 0.7135416666666666 0.6357415674603174 0.05175925925925926 0.03338541666666667
1 0.42480489417989414 0.6723635912698412 0.0482175925925926 0.043854166666666666
1 0.500651455026455 0.41918898809523814 0.048095238095238094 0.04303075396825397
1 0.4007175925925926 0.6015625 0.042642195767195766 0.04434275793650794
1 0.6302083333333334 0.6528323412698412 0.05175925925925926 0.037596726190476194
1 0.5869146825396825 0.4174801587301587 0.048095238095238094 0.03942956349206349
1 0.5126951058201058 0.51953125 0.04659060846560846 0.040984623015873016
1 0.6136078042328043 0.5410168650793651 0.0508234126984127 0.03521825396825397
1 0.41210978835978834 0.7265625 0.05476851851851852 0.036622023809523806
1 0.46516865079365083 0.5063467261904762 0.05012896825396825 0.042023809523809526
1 0.4117824074074074 0.48315476190476186 0.05305886243386243 0.030959821428571427
1 0.45475198412698414 0.7094717261904763 0.06103505291005291 0.04638640873015873
1 0.6848974867724869 0.6689459325396826 0.051269841269841264 0.042328869047619046
1 0.46191468253968254 0.3808606150793651 0.05456679894179894 0.038117559523809526