2 0.43530423280423275 0.5019543650793651 0.07159391534391535 0.060211640211640216
2 0.5249007936507937 0.4926752645502645 0.06903108465608465 0.05749669312169312
2 0.4089351851851851 0.5551752645502646 0.06323082010582011 0.06695436507936509
2 0.4934093915343915 0.5375992063492063 0.0646362433862434 0.06030423280423281
2 0.2944345238095238 0.5141600529100528 0.07226521164021164 0.06231812169312169
2 0.3464351851851851 0.5600595238095237 0.0633531746031746 0.06707671957671958
2 0.5654298941798942 0.5395502645502646 0.06030423280423281 0.0630489417989418
2 0.375489417989418 0.6240244708994709 0.062103174603174605 0.06952050264550264
2 0.49047949735449736 0.5996097883597884 0.06695436507936509 0.06231812169312169
2 0.6264649470899472 0.5634755291005291 0.07409722222222222 0.06323082010582011
3 0.29028439153439156 0.578125 0.06548941798941799 0.06659060846560846
2 0.7221693121693122 0.5795899470899472 0.07385251322751323 0.06585648148148149
2 0.26879960317460316 0.6674801587301588 0.061524470899470905 0.06188822751322751
2 0.22167989417989417 0.6171891534391535 0.06744378306878307 0.061309523809523814
2 0.5439451058201058 0.6782242063492063 0.07226521164021164 0.0633531746031746
2 0.39453042328042326 0.717285052910053 0.07196097883597884 0.07147156084656084
2 0.20544312169312168 0.45092923280423275 0.06878637566137566 0.05243055555555556
2 0.797364417989418 0.641114417989418 0.05941798941798942 0.05291666666666667
2 0.26733465608465606 0.733885582010582 0.07501322751322752 0.06500330687830688
2 0.6674801587301588 0.38623015873015876 0.05987433862433862 0.06384259259259259
2 0.5415046296296296 0.2819808201058201 0.05233796296296297 0.0637202380952381
2 0.7148445767195767 0.40332010582010586 0.051269841269841264 0.05844246031746032