1 0.6308597883597884 0.6601554232804233 0.06536706349206349 0.062103174603174605
1 0.5229497354497354 0.6694345238095237 0.0640873015873016 0.07147156084656084
1 0.3583994708994709 0.5 0.06524801587301587 0.06323082010582011
1 0.6313492063492063 0.5727546296296296 0.05966269841269841 0.05758597883597883
1 0.5439451058201058 0.5434556878306879 0.06939814814814815 0.05664021164021164
1 0.44946428571428576 0.3542493386243386 0.06188822751322751 0.06524801587301587
1 0.41796957671957674 0.48144510582010586 0.05728174603174603 0.051941137566137566
1 0.4863293650793651 0.5195304232804233 0.05758597883597883 0.06744378306878307
1 0.6533201058201058 0.5009755291005291 0.05612103174603175 0.0640873015873016
1 0.6694345238095237 0.3920899470899471 0.06646825396825397 0.05612103174603175
1 0.47631944444444446 0.5849603174603175 0.05813492063492064 0.06719907407407408
1 0.6909193121693122 0.4482407407407408 0.07208333333333333 0.05932539682539683
3 0.343260582010582 0.3774404761904762 0.06805555555555556 0.06781084656084656