1 0.5649404761904763 0.41210978835978834 0.04009920634920635 0.03500330687830688
1 0.7304695767195767 0.31982473544973544 0.03732142857142857 0.03353835978835979
1 0.5415046296296296 0.4514153439153439 0.04131944444444444 0.03500330687830688
1 0.6206051587301588 0.5249007936507937 0.04009920634920635 0.042083333333333334
1 0.4892592592592592 0.4826653439153439 0.04131944444444444 0.04052579365079365
1 0.6328141534391535 0.40234457671957674 0.041078042328042325 0.0476984126984127
1 0.5766600529100528 0.5649404761904763 0.042480158730158736 0.04177910052910053
1 0.43164021164021166 0.4035648148148149 0.04788359788359789 0.04217592592592593
1 0.4052744708994709 0.5278306878306879 0.04434193121693122 0.047791005291005294
1 0.8623048941798942 0.5805654761904763 0.03402777777777778 0.03802579365079365
1 0.6640641534391535 0.38598544973544974 0.03527777777777778 0.04177910052910053
1 0.30932539682539684 0.5825198412698412 0.049589947089947094 0.042328042328042326
1 0.7597652116402117 0.5439451058201058 0.04168650793650794 0.05032407407407408
1 0.046630291005291 0.42724537037037036 0.052519841269841265 0.04788359788359789