1 0.6176760912698412 0.5042328042328043 0.03753720238095238 0.053670634920634924
1 0.48730406746031746 0.6360681216931217 0.031433531746031744 0.046957671957671955
1 0.5332043650793651 0.6308597883597884 0.036773313492063496 0.0569675925925926
1 0.6499032738095237 0.5244146825396825 0.03704861111111111 0.05423941798941799
1 0.6220709325396826 0.5979828042328043 0.04025297619047619 0.06160383597883597
1 0.45971726190476186 0.5048842592592593 0.034027777777777775 0.053670634920634924
1 0.5834970238095237 0.46940145502645503 0.03588789682539682 0.044189814814814814
1 0.5166021825396826 0.5104166666666666 0.04062003968253968 0.05033399470899471
1 0.5605481150793651 0.5533862433862434 0.04062003968253968 0.05147156084656085
1 0.6416021825396826 0.44335978835978834 0.029754464285714287 0.050251322751322755
1 0.68359375 0.6416005291005291 0.043122519841269843 0.04471891534391534
1 0.5708010912698412 0.7298181216931217 0.041840277777777775 0.051107804232804234
1 0.49072172619047616 0.48079365079365083 0.03228670634920635 0.05139219576719577
1 0.5932614087301588 0.5706382275132275 0.03430059523809524 0.05245039682539683
1 0.6186532738095237 0.41959656084656083 0.03210565476190476 0.05033399470899471
1 0.5737301587301588 0.6855456349206349 0.04223710317460318 0.04479828042328042
1 0.47802827380952384 0.42415343915343917 0.037901785714285714 0.046752645502645504