1 0.4943849206349206 0.6044907407407407 0.04321180555555555 0.05444444444444444
1 0.6953125 0.5136706349206349 0.03711061507936508 0.04435185185185185
1 0.6484375 0.4954431216931217 0.04272569444444445 0.051593915343915345
1 0.5112301587301588 0.43457010582010586 0.042328869047619046 0.05004960317460317
1 0.49853422619047616 0.39127645502645503 0.045257936507936504 0.055909391534391534
1 0.5908209325396826 0.4996759259259259 0.0409250992063492 0.041524470899470894
1 0.6215823412698412 0.5237632275132275 0.036835317460317464 0.04984457671957672
1 0.6020510912698412 0.4645171957671958 0.02859375 0.03440476190476191
1 0.5034176587301588 0.5100925925925925 0.03985615079365079 0.05257275132275132
1 0.5698239087301588 0.45540343915343917 0.039702380952380954 0.04544973544973545
1 0.4926760912698413 0.5904960317460318 0.025711805555555557 0.022645502645502646