2 0.47998015873015876 0.46289021164021166 0.06707671957671958 0.054292328042328045
2 0.3784193121693121 0.4475099206349206 0.06188822751322751 0.05624338624338625
2 0.3957506613756614 0.5029298941798942 0.06311177248677248 0.06952050264550264
2 0.3835449735449735 0.390869708994709 0.06732142857142857 0.05834986772486772
2 0.33471560846560844 0.6147453703703704 0.06311177248677248 0.07452380952380953
2 0.6655257936507937 0.6738293650793651 0.05987433862433862 0.05941798941798942
2 0.5966798941798942 0.5859391534391535 0.06420965608465608 0.07006944444444443
2 0.48730489417989414 0.5385747354497354 0.06118716931216931 0.05801256613756614
2 0.5024404761904763 0.6352546296296296 0.06903108465608465 0.06451388888888888
2 0.8476554232804233 0.6591798941798942 0.061646825396825394 0.062440476190476185
2 0.5600595238095237 0.6499007936507937 0.05987433862433862 0.07196097883597884
2 0.4133300264550265 0.6875 0.05899140211640211 0.07238756613756614
2 0.3552248677248677 0.686524470899471 0.06198082010582011 0.07464616402116402
2 0.4921891534391535 0.6953141534391535 0.06512566137566138 0.061646825396825394
2 0.5024404761904763 0.2946792328042328 0.05856481481481481 0.05865410052910053
2 0.5639649470899472 0.7270502645502646 0.062103174603174605 0.07385251322751323
2 0.7285152116402117 0.406005291005291 0.07104497354497355 0.0634755291005291
2 0.4431150793650794 0.7700198412698412 0.06585648148148149 0.07397486772486772