0 0.5651058201058201 0.5219717261904763 0.07043320105820106 0.045441468253968255
0 0.45670634920634917 0.515625 0.06966269841269841 0.04327380952380952
0 0.35872354497354497 0.5649404761904763 0.062175925925925926 0.04821676587301587
0 0.5817063492063492 0.7128918650793651 0.041749338624338626 0.03417906746031746
0 0.5205092592592593 0.7392584325396826 0.044189814814814814 0.03460813492063492
0 0.4609391534391535 0.6918948412698412 0.055704365079365076 0.049134424603174603
0 0.47688822751322746 0.6235342261904763 0.0587962962962963 0.05175843253968254
0 0.5872387566137566 0.6313467261904763 0.04557208994708995 0.032470238095238094
0 0.37760582010582017 0.6123040674603174 0.062417328042328045 0.05541914682539682
0 0.2877612433862434 0.61328125 0.08463624338624338 0.05920386904761905
0 0.3798842592592592 0.47021577380952384 0.04968253968253968 0.035002480158730157
0 0.3139649470899471 0.6743154761904763 0.0791005291005291 0.05090277777777778
0 0.40559854497354497 0.6630853174603174 0.07092261904761905 0.056976686507936504
0 0.5859391534391535 0.58984375 0.03900132275132275 0.04296875
0 0.4798181216931217 0.6606448412698412 0.03224537037037037 0.02914434523809524