2 0.6074206349206349 0.5791005291005291 0.062225529100529094 0.05706679894179894
2 0.42504960317460316 0.5644543650793651 0.05499338624338625 0.05560185185185185
2 0.6616203703703704 0.5205092592592593 0.057923280423280425 0.05032407407407408
2 0.34082010582010586 0.5498048941798942 0.041838624338624335 0.04312169312169312
2 0.578614417989418 0.4226058201058201 0.05911375661375661 0.05358796296296297
2 0.7910152116402117 0.5527347883597884 0.05603174603174603 0.05780092592592592
2 0.3317857142857143 0.3659656084656085 0.057189153439153435 0.05624338624338625
2 0.6772453703703704 0.688964947089947 0.06646825396825397 0.05877645502645503
2 0.37133928571428576 0.7084953703703702 0.05706679894179894 0.06732142857142857
2 0.06829695767195768 0.49877976190476186 0.07434193121693122 0.05966269841269841
2 0.6357407407407407 0.3500992063492064 0.05899140211640211 0.0646362433862434
2 0.5122056878306879 0.6547850529100528 0.05551256613756614 0.05380291005291005