3 0.5551752645502646 0.327880291005291 0.08020171957671958 0.07208333333333333
3 0.36303571428571424 0.5454100529100528 0.08209325396825397 0.08282407407407408
3 0.24487433862433863 0.38745039682539684 0.07586640211640211 0.07238756613756614
3 0.16235449735449733 0.4384755291005291 0.08691468253968253 0.06781084656084656
3 0.3925793650793651 0.4929199735449735 0.051451719576719575 0.05154431216931217
3 0.31713955026455026 0.6909193121693122 0.08050595238095237 0.07464616402116402
3 0.6748048941798942 0.4624007936507936 0.05932539682539683 0.0793452380952381
3 0.23828042328042326 0.6552744708994709 0.08819444444444444 0.07684193121693123
3 0.6181646825396825 0.47094576719576725 0.07250992063492064 0.08312830687830687
3 0.47094576719576725 0.7392592592592593 0.07684193121693123 0.08343584656084656
3 0.3618154761904762 0.3083498677248677 0.07794312169312169 0.06982473544973546
3 0.8666997354497354 0.4438492063492064 0.07464616402116402 0.07946759259259259
3 0.7104497354497354 0.3645006613756614 0.0765376984126984 0.08557208994708994
3 0.5180654761904763 0.5249007936507937 0.0782473544973545 0.08447420634920634
3 0.5717757936507937 0.5087896825396825 0.06963955026455027 0.08465608465608465