2 0.5419907407407407 0.5043948412698412 0.060515873015873016 0.05624338624338625
2 0.7050793650793651 0.5644543650793651 0.06695436507936509 0.05184854497354497
2 0.6772453703703704 0.4167493386243386 0.0640873015873016 0.05499338624338625
2 0.312255291005291 0.4340806878306879 0.05728174603174603 0.06198082010582011
2 0.4809556878306879 0.5693353174603175 0.06231812169312169 0.059751984126984126
2 0.6259755291005291 0.5844742063492063 0.05450396825396825 0.055115740740740736
2 0.2761243386243386 0.6503902116402116 0.06109457671957672 0.062225529100529094
2 0.13110449735449733 0.5078141534391535 0.0609755291005291 0.059751984126984126
2 0.7910152116402117 0.4541005291005291 0.052033730158730154 0.046021825396825394
2 0.7856448412698412 0.6791997354497354 0.054292328042328045 0.05572420634920634
2 0.5190443121693121 0.328125 0.06536706349206349 0.05175925925925926
2 0.45703042328042326 0.7006845238095237 0.048125 0.05899140211640211