0 0.4796130952380952 0.6326025132275133 0.05124007936507936 0.07828373015873015
0 0.4081712962962963 0.6947420634920636 0.0808101851851852 0.06199074074074074
0 0.5874007936507937 0.6938492063492063 0.04345568783068783 0.04351851851851852
0 0.6547850529100528 0.4772949735449735 0.05645833333333333 0.06561177248677248
0 0.5034193121693121 0.484130291005291 0.060515873015873016 0.05758597883597883
0 0.5180654761904763 0.5571296296296296 0.06659060846560846 0.057374338624338626
0 0.5561507936507937 0.3479001322751323 0.060211640211640216 0.07208333333333333
0 0.5952149470899472 0.5991203703703704 0.05499338624338625 0.062440476190476185
0 0.43457010582010586 0.4128406084656085 0.07226521164021164 0.0759887566137566
0 0.5908201058201058 0.44702050264550264 0.06063822751322751 0.06982473544973546
0 0.45922949735449736 0.2897949735449736 0.08300925925925927 0.08209325396825397
0 0.38305555555555554 0.6831051587301588 0.03338624338624339 0.03906415343915344