2 0.30932539682539684 0.6059556878306879 0.0640873015873016 0.061524470899470905
2 0.38696428571428576 0.6196296296296296 0.06198082010582011 0.06610119047619047
2 0.7133796296296298 0.5185548941798942 0.0634755291005291 0.05856481481481481
2 0.7441402116402117 0.6044907407407407 0.06488095238095237 0.06063822751322751
2 0.5239252645502646 0.39282076719576725 0.06311177248677248 0.06176917989417989
2 0.717285052910053 0.43432539682539684 0.06793320105820105 0.05954034391534392
2 0.5952149470899472 0.59375 0.06561177248677248 0.06030423280423281
2 0.171630291005291 0.6352546296296296 0.07519510582010581 0.06426917989417989
2 0.4504398148148149 0.686035052910053 0.06982473544973546 0.0765376984126984
2 0.5502943121693121 0.6362301587301588 0.05856481481481481 0.0637202380952381
2 0.6240244708994709 0.42626984126984124 0.056855158730158735 0.05780092592592592
2 0.3195800264550264 0.7519543650793651 0.06548941798941799 0.06646825396825397
2 0.21130291005291005 0.4304199735449735 0.0640873015873016 0.05624338624338625
2 0.7426752645502646 0.7539054232804233 0.05834986772486772 0.07171626984126984
2 0.7778306878306878 0.3608399470899471 0.06524801587301587 0.05920304232804233
2 0.48901455026455026 0.8041997354497354 0.05664021164021164 0.07397486772486772