2 0.656739417989418 0.6049801587301588 0.0772089947089947 0.07629298941798943
2 0.2342526455026455 0.6059556878306879 0.07763558201058202 0.07250992063492064
2 0.5410152116402116 0.5795899470899472 0.06952050264550264 0.07409722222222222
2 0.46655423280423275 0.8374007936507937 0.0918584656084656 0.09271164021164022
2 0.4479993386243386 0.5878902116402116 0.07080026455026454 0.08050595238095237
3 0.26733465608465606 0.4438492063492064 0.08312830687830687 0.07067791005291005
2 0.702635582010582 0.41821428571428576 0.07397486772486772 0.06732142857142857
2 0.6171891534391535 0.3764649470899471 0.07489087301587302 0.07794312169312169
2 0.4541005291005291 0.4035648148148149 0.07134920634920634 0.07104497354497355
2 0.5493154761904763 0.3774404761904762 0.06439153439153439 0.07134920634920634
2 0.7153306878306878 0.33203042328042326 0.06915343915343916 0.07574404761904763
2 0.46411044973544974 0.33837962962962964 0.07891865079365079 0.06817791005291005