0 0.5540376984126985 0.4899900793650794 0.06079034391534392 0.049042658730158735
0 0.5214847883597884 0.41772569444444446 0.05716931216931217 0.04760664682539682
0 0.3544907407407408 0.5371106150793651 0.057820767195767196 0.046294642857142854
0 0.39323082010582017 0.38525297619047616 0.06709656084656085 0.05050595238095238
0 0.4541005291005291 0.40112351190476186 0.07132936507936508 0.04708829365079365
0 0.4153637566137566 0.4548338293650794 0.056233465608465615 0.03927579365079365
0 0.46940145502645503 0.47289930555555554 0.06551256613756615 0.03875744047619048
0 0.47623677248677254 0.5405282738095237 0.06860449735449736 0.060761408730158735
0 0.40559854497354497 0.6328125 0.07055555555555557 0.06164434523809524
0 0.5791005291005291 0.35473710317460316 0.08976190476190476 0.06939732142857143
0 0.6458333333333334 0.6069345238095237 0.07291666666666667 0.06903025793650794