3 0.36645585317460316 0.5673842592592593 0.042876984126984125 0.05187830687830688
3 0.34887648809523814 0.4322916666666667 0.04476934523809523 0.05761574074074074
3 0.5166021825396826 0.26692791005291006 0.03753720238095238 0.05749669312169312
3 0.7026364087301588 0.5999338624338625 0.04177827380952381 0.049765211640211644
3 0.45629960317460316 0.6123048941798942 0.04724206349206349 0.05708664021164021
3 0.6235342261904763 0.5351554232804233 0.04968253968253968 0.05664021164021164
3 0.27807539682539684 0.6744808201058201 0.04699652777777778 0.07108465608465608
3 0.40917906746031746 0.5979828042328043 0.03875744047619048 0.049966931216931215
3 0.7255853174603174 0.31754629629629627 0.052247023809523806 0.057820767195767196
3 0.515625 0.4114583333333333 0.04370039682539682 0.0628670634920635
3 0.45971726190476186 0.5003240740740741 0.05203125 0.057820767195767196
3 0.5878918650793651 0.4707043650793651 0.040984623015873016 0.0611574074074074