2 0.27368055555555554 0.5361342592592593 0.06573412698412698 0.060853174603174603
2 0.46557539682539684 0.5839847883597884 0.061309523809523814 0.07196097883597884
2 0.6328141534391535 0.7089847883597883 0.06439153439153439 0.06573412698412698
2 0.6513657407407407 0.6108399470899472 0.062225529100529094 0.06548941798941799
2 0.4245601851851851 0.6386706349206349 0.05780092592592592 0.06744378306878307
2 0.4238293650793651 0.5434556878306879 0.06231812169312169 0.06610119047619047
2 0.5869146825396825 0.7460945767195767 0.07019179894179894 0.06927579365079366
2 0.421630291005291 0.71875 0.06008928571428572 0.07354828042328042
2 0.5903306878306879 0.5830092592592593 0.06109457671957672 0.0629265873015873
2 0.5190443121693121 0.46752976190476186 0.06063822751322751 0.05844246031746032
2 0.5688492063492063 0.4326157407407408 0.05822751322751323 0.06118716931216931
2 0.34741071428571424 0.6704100529100528 0.06732142857142857 0.05987433862433862
2 0.7050793650793651 0.624510582010582 0.05300925925925926 0.06719907407407408
2 0.5102546296296296 0.4155257936507936 0.06695436507936509 0.05801256613756614
2 0.4541005291005291 0.3725595238095238 0.06548941798941799 0.06008928571428572
2 0.7836904761904763 0.4916997354497355 0.062440476190476185 0.05380291005291005
3 0.3806150793650794 0.4934093915343915 0.06610119047619047 0.07763558201058202
2 0.577635582010582 0.8007804232804233 0.06384259259259259 0.06878637566137566
2 0.44848544973544974 0.8085945767195767 0.06426917989417989 0.07055555555555557