0 0.3374007936507936 0.49047949735449736 0.05013888888888889 0.051269841269841264
0 0.3989252645502645 0.4965806878306879 0.05004960317460317 0.05282738095238095
0 0.4089351851851851 0.5996097883597884 0.048859126984126984 0.04611111111111111
0 0.3232407407407408 0.6166997354497354 0.05371031746031746 0.04327380952380953
0 0.3671891534391535 0.5966798941798942 0.040466269841269845 0.03540013227513227
0 0.547364417989418 0.5981448412698412 0.041534391534391535 0.05801256613756614
0 0.6152347883597884 0.43530423280423275 0.06524801587301587 0.05877645502645503
0 0.49707010582010586 0.5043948412698412 0.044189814814814814 0.05004960317460317
0 0.5952149470899472 0.5380853174603175 0.028931878306878305 0.03710978835978836
0 0.7075198412698412 0.5073247354497354 0.07629298941798943 0.07275462962962963
0 0.4653306878306879 0.5683597883597884 0.04370039682539683 0.037384259259259256
0 0.687010582010582 0.3764649470899471 0.045439814814814815 0.061309523809523814
0 0.48754960317460316 0.4555654761904762 0.07318121693121693 0.057374338624338626
0 0.5522453703703704 0.3530257936507936 0.0320436507936508 0.03845238095238095