2 0.6552728174603174 0.5416666666666666 0.0499578373015873 0.06762566137566138
2 0.5185540674603174 0.6191402116402116 0.050141369047619046 0.07527777777777778
3 0.46215773809523814 0.5253902116402116 0.05389384920634921 0.07055555555555557
2 0.38037202380952384 0.5065112433862434 0.04794394841269841 0.06502314814814815
2 0.6396478174603174 0.6790376984126983 0.05358878968253968 0.06734126984126984
2 0.7744146825396826 0.6360681216931217 0.05758680555555556 0.06551256613756615
2 0.5590823412698412 0.38183531746031746 0.04376240079365079 0.056845238095238095
2 0.6284176587301588 0.43587301587301586 0.04577628968253968 0.06823743386243386
2 0.29565476190476186 0.5761706349206349 0.06451388888888888 0.07145171957671957
2 0.4916989087301587 0.4296891534391535 0.04959077380952381 0.06404761904761905
2 0.49633680555555554 0.4833994708994709 0.04840029761904762 0.05375