3 0.34699735449735447 0.3491898148148148 0.06960648148148149 0.08100859788359788
3 0.7109391534391535 0.26684523809523814 0.0635978835978836 0.07836970899470899
3 0.5122056878306879 0.4965806878306879 0.0797718253968254 0.06878637566137566
3 0.844239417989418 0.4111342592592592 0.07385251322751323 0.05954034391534392
3 0.6494146825396825 0.5205092592592593 0.07134920634920634 0.05834986772486772
3 0.5615244708994709 0.2976058201058201 0.07397486772486772 0.07409722222222222
3 0.5351554232804233 0.6230456349206349 0.07708664021164022 0.07067791005291005
3 0.43164021164021166 0.5708002645502646 0.08538690476190476 0.07501322751322752
3 0.7602546296296298 0.6142592592592593 0.07629298941798943 0.0772089947089947
3 0.7373048941798942 0.5302744708994709 0.0637202380952381 0.08154431216931217
3 0.6264649470899472 0.40087962962962964 0.08477843915343916 0.08435185185185186
3 0.6069345238095237 0.2783201058201058 0.030380291005291007 0.04138227513227513