2 0.17980820105820106 0.5043948412698412 0.06744378306878307 0.055115740740740736
2 0.6645502645502646 0.4870601851851851 0.06231812169312169 0.06524801587301587
2 0.47412037037037036 0.5541997354497354 0.061646825396825394 0.05310185185185186
2 0.7705092592592593 0.4645998677248677 0.06683201058201058 0.05529761904761905
2 0.29150462962962964 0.5073247354497354 0.07067791005291005 0.05844246031746032
2 0.35327050264550264 0.5332043650793651 0.06063822751322751 0.06268187830687831
2 0.31713955026455026 0.4267592592592592 0.05856481481481481 0.05877645502645503
2 0.2932142857142857 0.5800793650793651 0.05529761904761905 0.05865410052910053
2 0.5366203703703704 0.640625 0.06255952380952381 0.060853174603174603
2 0.2037367724867725 0.625 0.06396494708994709 0.06927579365079366
2 0.5883796296296296 0.5600595238095237 0.06659060846560846 0.05889880952380953
2 0.8461904761904763 0.6259755291005291 0.06890873015873016 0.059751984126984126
2 0.3095701058201058 0.6582043650793651 0.05728174603174603 0.06063822751322751
2 0.6235350529100528 0.6455092592592593 0.06622354497354498 0.06597883597883598
2 0.6132804232804233 0.38110449735449736 0.04400793650793651 0.0474239417989418
2 0.6064451058201058 0.6997056878306878 0.05954034391534392 0.060211640211640216