3 0.25537037037037036 0.4868154761904762 0.09350529100529101 0.07519510582010581
3 0.3430191798941799 0.6381845238095237 0.08270171957671958 0.08105489417989419
3 0.4548346560846561 0.46264550264550264 0.06756613756613757 0.08508267195767197
3 0.5024404761904763 0.2836904761904762 0.07330357142857143 0.06915343915343916
3 0.5385747354497354 0.6679695767195767 0.07556216931216932 0.08508267195767197
3 0.31860449735449736 0.3601058201058201 0.07006944444444443 0.06118716931216931
3 0.75 0.3872056878306879 0.07134920634920634 0.07354828042328042
3 0.7158201058201058 0.4921891534391535 0.06548941798941799 0.07421957671957671
3 0.6376951058201058 0.6440443121693121 0.08093253968253969 0.07501322751322752
3 0.1843253968253968 0.6147453703703704 0.08728174603174603 0.07342592592592592
3 0.6547850529100528 0.4982903439153439 0.06683201058201058 0.07574404761904763
3 0.3576653439153439 0.7124007936507937 0.06634589947089947 0.06573412698412698