0 0.5527347883597884 0.5 0.05395502645502646 0.040984623015873016
0 0.46516865079365083 0.48559523809523814 0.060261243386243384 0.036773313492063496
0 0.46126322751322746 0.5981448412698412 0.041911375661375656 0.032715773809523806
0 0.43359457671957674 0.6596676587301588 0.04223544973544974 0.03549107142857143
0 0.4013657407407408 0.5703125 0.04014219576719577 0.032470238095238094
0 0.44140542328042326 0.5346676587301588 0.03820767195767196 0.02499503968253968
0 0.5755224867724869 0.5747073412698412 0.058022486772486774 0.04217509920634921
0 0.4934887566137566 0.6625967261904763 0.03761904761904762 0.033539186507936504
0 0.4072255291005291 0.6152356150793651 0.041054894179894184 0.026458333333333334
0 0.5195304232804233 0.6176760912698412 0.035482804232804234 0.035736607142857146
0 0.5094411375661375 0.5307614087301588 0.03594907407407407 0.029250992063492062
0 0.49869708994708994 0.5761731150793651 0.04748677248677249 0.025084325396825397