3 0.3159176587301587 0.5735681216931217 0.05291666666666667 0.06799272486772487
3 0.5512698412698412 0.28141203703703704 0.043854166666666666 0.06266203703703704
3 0.47583085317460316 0.5397123015873015 0.041321924603174603 0.05989748677248677
3 0.25024305555555554 0.59375 0.05059771825396825 0.07027116402116403
3 0.3024900793650794 0.3707671957671958 0.05450396825396825 0.062175925925925926
3 0.7641592261904763 0.282390873015873 0.04977430555555556 0.0586739417989418
3 0.38183531746031746 0.5550132275132275 0.04949900793650794 0.059123677248677245
3 0.6582043650793651 0.593098544973545 0.04742311507936508 0.05485119047619048
3 0.49243055555555554 0.34960978835978834 0.041535218253968255 0.06551256613756615
3 0.42895585317460316 0.3828141534391535 0.04638640873015873 0.06799272486772487
3 0.7954092261904763 0.484375 0.05371031746031746 0.06453373015873017