1 0.5063467261904762 0.5192063492063492 0.0409250992063492 0.046061507936507935
1 0.6469717261904763 0.5361342592592593 0.03515625 0.05708664021164021
1 0.5253918650793651 0.40234457671957674 0.040771329365079365 0.046507936507936505
1 0.6333010912698412 0.36555886243386243 0.03253224206349206 0.057374338624338626
1 0.58203125 0.5250661375661375 0.04037450396825397 0.05517526455026455
1 0.47753968253968254 0.45637896825396823 0.0394890873015873 0.055380291005291
1 0.5795907738095237 0.46028769841269845 0.03854414682539682 0.042156084656084655
1 0.4370114087301587 0.4951157407407408 0.030915178571428573 0.03643849206349206
1 0.5151364087301588 0.46158730158730155 0.03494295634920635 0.05196097883597883
1 0.6035168650793651 0.5598974867724869 0.043122519841269843 0.05611111111111111
1 0.6518551587301588 0.40332010582010586 0.03521825396825397 0.055704365079365076
1 0.49145585317460316 0.40917989417989414 0.038177083333333334 0.05664021164021164
1 0.5830084325396826 0.3636078042328042 0.043122519841269843 0.05041666666666667
1 0.43725694444444446 0.5201818783068783 0.030441468253968252 0.03863425925925926
1 0.5214856150793651 0.35091269841269845 0.04263392857142857 0.06253968253968255
1 0.5952157738095237 0.4153637566137566 0.03521825396825397 0.0569675925925926
1 0.5410168650793651 0.5403637566137566 0.0390625 0.06937499999999999