2 0.452880291005291 0.5834953703703704 0.0633531746031746 0.06756613756613757
2 0.7905257936507937 0.5581051587301588 0.07067791005291005 0.05728174603174603
2 0.40161044973544974 0.38696428571428576 0.05581679894179894 0.06659060846560846
2 0.5737301587301588 0.4296891534391535 0.06597883597883598 0.06488095238095237
2 0.7241203703703702 0.41748015873015876 0.06768849206349206 0.05889880952380953
2 0.5864252645502646 0.671875 0.07134920634920634 0.0637202380952381
2 0.767089947089947 0.6240244708994709 0.06793320105820105 0.06268187830687831
2 0.5712896825396825 0.499510582010582 0.07629298941798943 0.05987433862433862
2 0.19421296296296295 0.39501984126984124 0.07275462962962963 0.07226521164021164
2 0.41796957671957674 0.6967757936507937 0.0634755291005291 0.06384259259259259
2 0.6137698412698412 0.37060515873015876 0.05801256613756614 0.06451388888888888