2 0.4729001322751323 0.46264550264550264 0.05932539682539683 0.05612103174603175
2 0.15185515873015873 0.5390641534391535 0.07421957671957671 0.06042328042328042
2 0.32128968253968254 0.4550793650793651 0.05844246031746032 0.05834986772486772
2 0.5971693121693121 0.4670403439153439 0.05813492063492064 0.05520502645502645
2 0.46875 0.5913095238095237 0.06384259259259259 0.06198082010582011
2 0.4169907407407408 0.5200198412698412 0.059751984126984126 0.05499338624338625
2 0.23388558201058202 0.5146494708994709 0.06536706349206349 0.05612103174603175
2 0.33618055555555554 0.5063492063492063 0.06841931216931217 0.05261243386243386
2 0.24255291005291005 0.5717757936507937 0.062440476190476185 0.06396494708994709
3 0.3005357142857143 0.5649404761904763 0.06744378306878307 0.06994708994708995
2 0.35498015873015876 0.3125 0.0467228835978836 0.05398478835978836
2 0.187744708994709 0.6499007936507937 0.06671296296296296 0.06793320105820105
2 0.312989417989418 0.6264649470899472 0.0635978835978836 0.060211640211640216
2 0.6455092592592593 0.6591798941798942 0.061646825396825394 0.06915343915343916
2 0.8505853174603175 0.6899404761904763 0.06659060846560846 0.06109457671957672