3 0.32421875 0.49251322751322746 0.054595734126984125 0.06046626984126984
3 0.35400297619047616 0.3645833333333333 0.046478174603174605 0.07413690476190476
3 0.42993055555555554 0.27392526455026456 0.045257936507936504 0.06323082010582011
3 0.47802827380952384 0.8203141534391535 0.05450396825396825 0.07625330687830688
3 0.6157217261904763 0.7298181216931217 0.05032242063492064 0.08264219576719577
3 0.7441418650793651 0.71875 0.05175843253968254 0.06539021164021164
3 0.46850694444444446 0.5042328042328043 0.03927579365079365 0.05326388888888889
3 0.6069345238095237 0.41341269841269845 0.039947916666666666 0.04614417989417989
3 0.7143551587301588 0.3388657407407408 0.055602678571428574 0.0508234126984127
3 0.63671875 0.5524074074074075 0.051361607142857146 0.07132936507936508
3 0.59765625 0.4697255291005291 0.03942956349206349 0.05611111111111111
3 0.43041914682539684 0.4990244708994709 0.03430059523809524 0.04703703703703704
3 0.6435540674603174 0.6080720899470899 0.047790178571428574 0.05090277777777778
3 0.6318353174603174 0.48665343915343917 0.04492311507936508 0.055380291005291
3 0.5703125 0.3850925925925926 0.040771329365079365 0.05416005291005291
3 0.5527356150793651 0.43424603174603177 0.04263392857142857 0.06823743386243386