3 0.5205092592592593 0.4311507936507936 0.061309523809523814 0.05624338624338625
3 0.7587896825396825 0.4951157407407408 0.05697751322751323 0.05996693121693122
3 0.8305654761904763 0.609375 0.07794312169312169 0.06451388888888888
3 0.6528306878306879 0.6743154761904763 0.055115740740740736 0.06384259259259259
3 0.6606448412698412 0.546875 0.07031415343915344 0.06500330687830688
3 0.4594742063492064 0.7119146825396825 0.07043320105820106 0.06475859788359789
3 0.24255291005291005 0.5805654761904763 0.06805555555555556 0.05593915343915344
3 0.3708498677248677 0.5341798941798942 0.061524470899470905 0.06610119047619047
3 0.5981448412698412 0.49316468253968254 0.0457771164021164 0.04336640211640211
3 0.7421891534391535 0.5717757936507937 0.07275462962962963 0.061646825396825394
3 0.41894510582010586 0.5668948412698412 0.05996693121693122 0.06781084656084656
3 0.46435515873015876 0.5854497354497354 0.03881944444444445 0.045439814814814815
3 0.516114417989418 0.624510582010582 0.08728174603174603 0.07531746031746031