3 0.2649900793650794 0.6106117724867725 0.09820436507936509 0.07299933862433862
3 0.7583002645502646 0.5615244708994709 0.07159391534391535 0.057374338624338626
3 0.7299801587301588 0.3117691798941799 0.07031415343915344 0.057923280423280425
3 0.5717757936507937 0.5610350529100528 0.07238756613756614 0.059751984126984126
3 0.5795899470899472 0.2949206349206349 0.07305886243386243 0.062225529100529094
3 0.6499007936507937 0.14721560846560847 0.05441137566137566 0.07409722222222222
3 0.719725529100529 0.421630291005291 0.06524801587301587 0.056335978835978844
3 0.469239417989418 0.4602050264550265 0.06963955026455027 0.05911375661375661
3 0.31420965608465606 0.4177248677248677 0.06683201058201058 0.061646825396825394
3 0.9150396825396825 0.47412037037037036 0.07275462962962963 0.060211640211640216
3 0.2600099206349206 0.33422949735449736 0.06963955026455027 0.06585648148148149
3 0.4274900793650794 0.2890641534391534 0.057923280423280425 0.05099537037037037