3 0.37524305555555554 0.3984391534391535 0.0403125 0.045208333333333336
3 0.5942385912698412 0.7161474867724869 0.041230158730158735 0.04666997354497354
3 0.48022569444444446 0.2364914021164021 0.03775049603174603 0.052083333333333336
3 0.6328125 0.3798842592592592 0.04327380952380952 0.05716931216931217
3 0.31542906746031746 0.672526455026455 0.040679563492063496 0.04557208994708995
3 0.6801760912698412 0.49414021164021166 0.040771329365079365 0.057820767195767196
3 0.5029290674603174 0.5110681216931217 0.04794394841269841 0.061726190476190476
3 0.6967782738095237 0.5820304232804233 0.042388392857142854 0.05098544973544974
3 0.4614260912698413 0.5810548941798942 0.03567460317460318 0.06925595238095238
3 0.5356448412698412 0.3544907407407408 0.044585813492063496 0.05631613756613757
3 0.5278323412698412 0.8209623015873017 0.04370039682539682 0.07279431216931216
3 0.5068353174603174 0.41015542328042326 0.038970734126984125 0.07254960317460317