1 0.26879960317460316 0.5571296296296296 0.04788359788359789 0.039702380952380954
1 0.47265542328042326 0.44946428571428576 0.04351851851851852 0.042480158730158736
1 0.3344742063492064 0.530760582010582 0.048859126984126984 0.04559193121693122
1 0.5117195767195767 0.5556646825396825 0.041230158730158735 0.04321428571428572
1 0.7304695767195767 0.49462962962962964 0.04193121693121693 0.03949074074074074
1 0.577635582010582 0.5375992063492063 0.03616402116402116 0.037903439153439154
1 0.7949206349206349 0.437989417989418 0.041838624338624335 0.04708994708994709
1 0.7519543650793651 0.4382308201058201 0.04025132275132275 0.046478174603174605
1 0.5883796296296296 0.4453141534391535 0.04281746031746032 0.03985449735449735
1 0.6660152116402116 0.4541005291005291 0.03912367724867725 0.04131944444444444
1 0.593260582010582 0.37792989417989414 0.04385251322751323 0.03823743386243386
1 0.6835945767195767 0.5791005291005291 0.03683531746031746 0.04321428571428572
1 0.6127943121693121 0.406739417989418 0.04061838624338624 0.035340608465608464
1 0.6459953703703704 0.37939484126984124 0.03622354497354498 0.039947089947089946