1 0.5185540674603174 0.5117195767195767 0.03149305555555556 0.04083333333333333
1 0.5966790674603174 0.45930886243386243 0.03050347222222222 0.043783068783068785
1 0.5722668650793651 0.4990244708994709 0.02998263888888889 0.052367724867724876
1 0.5444345238095237 0.48730489417989414 0.02937251984126984 0.046957671957671955
1 0.5307614087301588 0.4371759259259259 0.032410714285714286 0.05012896825396825
1 0.59375 0.41796957671957674 0.03875744047619048 0.04512566137566138
1 0.5776364087301588 0.7252612433862434 0.03253224206349206 0.05245039682539683
1 0.56640625 0.45149801587301586 0.03149305555555556 0.049480820105820104
1 0.6513665674603174 0.4550793650793651 0.03698660714285714 0.05761574074074074
1 0.6894543650793651 0.36783730158730155 0.039642857142857146 0.044189814814814814
1 0.4682614087301587 0.45996031746031746 0.0559375 0.06046626984126984
1 0.5463864087301588 0.5804034391534392 0.03390625 0.05175925925925926
1 0.51171875 0.37369708994708994 0.04327380952380952 0.04504298941798942