0 0.5913095238095237 0.5458994708994709 0.049589947089947094 0.03588955026455026
0 0.44726521164021166 0.5771494708994709 0.060211640211640216 0.06573412698412698
0 0.5107407407407407 0.7001951058201058 0.05966269841269841 0.060853174603174603
0 0.6347652116402116 0.5292956349206349 0.05560185185185185 0.05212301587301588
0 0.516114417989418 0.4982903439153439 0.05813492063492064 0.055115740740740736
0 0.5126951058201058 0.5732407407407407 0.06420965608465608 0.05371031746031746
0 0.45703042328042326 0.6416005291005291 0.0628042328042328 0.06396494708994709
0 0.5522453703703704 0.4636243386243386 0.06585648148148149 0.061646825396825394
0 0.6538095238095237 0.374510582010582 0.08105489417989419 0.08166666666666667
0 0.41821428571428576 0.4541005291005291 0.07171626984126984 0.07147156084656084
0 0.4982903439153439 0.34765542328042326 0.06994708994708995 0.07409722222222222