3 0.47973710317460316 0.40397156084656083 0.049042658730158735 0.05749669312169312
3 0.35790922619047616 0.44954365079365083 0.04794394841269841 0.0526521164021164
3 0.4006349206349206 0.6617824074074075 0.04168650793650794 0.062175925925925926
3 0.6528323412698412 0.3802083333333333 0.07019097222222222 0.07482804232804233
3 0.5556646825396826 0.44987103174603177 0.043365575396825395 0.05257275132275132
3 0.35253968253968254 0.7786474867724869 0.04760664682539682 0.06266203703703704
3 0.31787202380952384 0.6477876984126985 0.041840277777777775 0.06266203703703704
3 0.43896577380952384 0.7975264550264549 0.04510416666666667 0.06978505291005291
3 0.4721676587301587 0.2853174603174603 0.05050595238095238 0.06453373015873017
3 0.7001959325396826 0.5846362433862434 0.055602678571428574 0.059447751322751326
3 0.7587896825396826 0.6194675925925925 0.04534970238095238 0.05375
3 0.5483407738095237 0.6634126984126985 0.03442460317460318 0.05517526455026455
3 0.6269543650793651 0.6959623015873017 0.03802579365079365 0.046061507936507935