3 0.5991203703703704 0.41650462962962964 0.06420965608465608 0.06573412698412698
3 0.28247023809523814 0.2827149470899471 0.06268187830687831 0.05844246031746032
3 0.7529298941798942 0.5419907407407407 0.06008928571428572 0.05175925925925926
3 0.5893551587301588 0.5703141534391535 0.06231812169312169 0.05941798941798942
3 0.42651455026455026 0.3984391534391535 0.06268187830687831 0.05654761904761905
3 0.8574206349206349 0.23583994708994707 0.06585648148148149 0.06744378306878307
3 0.6215806878306879 0.1876223544973545 0.05801256613756614 0.0646362433862434
3 0.7622056878306878 0.3337400793650794 0.054596560846560845 0.05844246031746032
3 0.36401455026455026 0.5883796296296296 0.05954034391534392 0.06198082010582011
3 0.8842757936507937 0.5102546296296296 0.06781084656084656 0.05645833333333333
3 0.06768849206349206 0.4631349206349206 0.06426917989417989 0.060211640211640216
3 0.4892592592592592 0.24255291005291005 0.05212301587301588 0.05013888888888889