3 0.28295965608465606 0.3464351851851851 0.0634755291005291 0.05987433862433862
3 0.656739417989418 0.44506944444444446 0.06488095238095237 0.06915343915343916
3 0.5361342592592593 0.4035648148148149 0.059751984126984126 0.06536706349206349
3 0.22045965608465606 0.47167989417989414 0.06854166666666667 0.06768849206349206
3 0.49560515873015876 0.6123048941798942 0.04977513227513228 0.05291666666666667
3 0.5141600529100528 0.26953042328042326 0.06396494708994709 0.05920304232804233
3 0.5927744708994709 0.6284193121693121 0.04321428571428572 0.0473313492063492
3 0.4125992063492064 0.422119708994709 0.07159391534391535 0.07122685185185185
3 0.44555555555555554 0.48974537037037036 0.07196097883597884 0.06426917989417989
3 0.782225529100529 0.5507804232804233 0.06659060846560846 0.05877645502645503
3 0.6962896825396825 0.5761706349206349 0.05780092592592592 0.06231812169312169
3 0.34741071428571424 0.609375 0.04168650793650794 0.0483994708994709