2 0.3607903439153439 0.5172354497354497 0.06308862433862433 0.056630291005291
2 0.22741732804232806 0.5717757936507937 0.06573412698412698 0.05801256613756614
2 0.65625 0.40625 0.0628042328042328 0.061524470899470905
2 0.49414021164021166 0.4304199735449735 0.06426917989417989 0.06683201058201058
2 0.6850595238095237 0.5659193121693121 0.06659060846560846 0.05551256613756614
2 0.5834953703703704 0.7119146825396825 0.0640873015873016 0.06030423280423281
2 0.4990244708994709 0.5268551587301588 0.057923280423280425 0.06323082010582011
2 0.7724603174603175 0.5478505291005291 0.06561177248677248 0.05654761904761905
2 0.8505853174603175 0.6313492063492063 0.0629265873015873 0.061646825396825394
2 0.45678571428571424 0.5727546296296296 0.05932539682539683 0.05624338624338625
2 0.7290046296296298 0.4816898148148149 0.06109457671957672 0.057923280423280425
2 0.7773445767195767 0.4714351851851851 0.05654761904761905 0.06008928571428572
2 0.531739417989418 0.4794907407407408 0.057374338624338626 0.05987433862433862
2 0.5 0.6064451058201058 0.07006944444444443 0.07226521164021164
2 0.452880291005291 0.7163095238095237 0.061646825396825394 0.0754398148148148
2 0.6894543650793651 0.7563492063492063 0.06915343915343916 0.06659060846560846
2 0.704100529100529 0.8159193121693122 0.07019179894179894 0.0635978835978836
2 0.22167989417989417 0.29296957671957674 0.0467228835978836 0.04559193121693122
2 0.5112301587301588 0.7534193121693122 0.05389550264550264 0.07134920634920634