3 0.4482407407407408 0.3850099206349206 0.07250992063492064 0.07318121693121693
3 0.32983465608465606 0.38476521164021166 0.05899140211640211 0.06982473544973546
3 0.36962962962962964 0.46997023809523814 0.06683201058201058 0.07006944444444443
3 0.6176752645502646 0.45605489417989414 0.05954034391534392 0.06756613756613757
3 0.5742195767195767 0.4011243386243386 0.06512566137566138 0.06841931216931217
3 0.33642526455026456 0.5546891534391535 0.07275462962962963 0.0922255291005291
3 0.6586904761904763 0.5483399470899472 0.06939814814814815 0.07330357142857143
3 0.5810548941798942 0.5029298941798942 0.06512566137566138 0.07434193121693122
3 0.7368154761904763 0.3659656084656085 0.07134920634920634 0.060853174603174603
3 0.42553571428571424 0.5673842592592593 0.05041666666666667 0.07452380952380953
3 0.4736342592592592 0.5756845238095237 0.05844246031746032 0.08728174603174603