0 0.5833333333333334 0.5605481150793651 0.06685515873015872 0.040679563492063496
0 0.4488921957671958 0.5903323412698412 0.055380291005291 0.03979414682539682
0 0.5429695767195767 0.6254885912698412 0.057374338624338626 0.05175843253968254
0 0.5022784391534392 0.4301760912698413 0.06673280423280424 0.043608630952380954
0 0.28710978835978834 0.5014657738095238 0.07173611111111111 0.054290674603174605
0 0.44921957671957674 0.5083010912698412 0.05273478835978836 0.03698660714285714
0 0.5146494708994709 0.5083010912698412 0.05456679894179894 0.039642857142857146
0 0.25309193121693124 0.3850099206349206 0.05989748677248677 0.04895089285714286
0 0.5732407407407407 0.41015625 0.05354828042328043 0.045257936507936504
0 0.3997387566137566 0.46484375 0.04479828042328042 0.02685515873015873
0 0.43033730158730155 0.3337400793650794 0.05444444444444444 0.04601934523809524
0 0.40755291005291006 0.40136656746031746 0.04968253968253968 0.029082341269841272
0 0.39290343915343917 0.5654290674603174 0.038941798941798944 0.036071428571428574