3 0.42350198412698414 0.4956051587301587 0.05761574074074074 0.04638640873015873
3 0.2680654761904762 0.43383680555555554 0.05847222222222222 0.039702380952380954
3 0.32373015873015876 0.30053819444444446 0.0733234126984127 0.049134424603174603
3 0.2994808201058201 0.59765625 0.07751322751322752 0.0450124007936508
3 0.40039021164021166 0.41870039682539684 0.07092261904761905 0.04690476190476191
3 0.6471362433862434 0.49096726190476186 0.05041666666666667 0.041840277777777775
3 0.5192063492063492 0.7255853174603174 0.06811507936507936 0.05398561507936508
3 0.5589186507936508 0.6225595238095237 0.06966269841269841 0.044677579365079365
3 0.24772156084656086 0.6982415674603174 0.06612103174603175 0.04217509920634921
3 0.6344411375661375 0.38427827380952384 0.06709656084656085 0.049866071428571426
3 0.7024735449735451 0.63671875 0.05187830687830688 0.04510416666666667