0 0.41373677248677254 0.6953125 0.059570105820105815 0.04351686507936508
0 0.5449206349206349 0.6459970238095237 0.06551256613756615 0.048125
0 0.4736342592592592 0.5502926587301588 0.05643849206349206 0.045257936507936504
0 0.5387367724867725 0.4899900793650794 0.04968253968253968 0.038970734126984125
0 0.6048181216931217 0.51171875 0.058022486772486774 0.031371527777777776
0 0.6575529100529101 0.6083978174603174 0.07511243386243385 0.049866071428571426
0 0.6803373015873017 0.43652281746031746 0.05497354497354498 0.033539186507936504
0 0.38444113756613757 0.49755952380952384 0.05423941798941799 0.04840029761904762
0 0.7376289682539683 0.5014657738095238 0.06091269841269841 0.05004960317460318
0 0.7480456349206349 0.5620114087301588 0.042156084656084655 0.03527777777777778
0 0.6214186507936508 0.43457093253968254 0.05187830687830688 0.0390625
0 0.6822916666666666 0.6660168650793651 0.04479828042328042 0.029875992063492063
0 0.3971362433862434 0.6010739087301588 0.05761574074074074 0.03494295634920635