3 0.2121660052910053 0.600719246031746 0.0706712962962963 0.04977430555555556
3 0.37760582010582017 0.6674801587301588 0.06071097883597884 0.040679563492063496
3 0.5253902116402116 0.51953125 0.05558201058201059 0.04400545634920635
3 0.44075396825396823 0.3754885912698413 0.053832671957671954 0.045959821428571426
3 0.2591137566137566 0.36084077380952384 0.06661044973544973 0.05175843253968254
3 0.7233068783068783 0.5200198412698412 0.08011904761904762 0.06707837301587301
3 0.48730489417989414 0.609375 0.05716931216931217 0.04394593253968254
3 0.4798181216931217 0.6972668650793651 0.06184854497354497 0.04434275793650794
3 0.3017592592592592 0.47387648809523814 0.057374338624338626 0.046294642857142854
3 0.5970039682539682 0.39209077380952384 0.06526785714285714 0.046294642857142854
3 0.38248677248677254 0.5253918650793651 0.051593915343915345 0.044434523809523806
3 0.609375 0.69921875 0.10188822751322751 0.06231646825396825
3 0.311359126984127 0.34106398809523814 0.0586739417989418 0.05099454365079365
3 0.6168617724867725 0.5893551587301588 0.05403769841269841 0.04162698412698413
3 0.5182308201058201 0.44116319444444446 0.06323082010582011 0.04168650793650794
3 0.4427083333333333 0.48022569444444446 0.05403769841269841 0.048492063492063496
3 0.37174603174603177 0.43676835317460316 0.047199074074074074 0.036894841269841265