2 0.3464351851851851 0.5136706349206349 0.0646362433862434 0.05877645502645503
3 0.44506944444444446 0.5869146825396825 0.05450396825396825 0.05889880952380953
2 0.7001951058201058 0.5444345238095237 0.06561177248677248 0.07275462962962963
2 0.5878902116402116 0.5488293650793651 0.05834986772486772 0.057923280423280425
2 0.391114417989418 0.5810548941798942 0.05758597883597883 0.061524470899470905
3 0.36376984126984124 0.6464847883597884 0.06268187830687831 0.06829695767195768
3 0.5961904761904763 0.49194444444444446 0.06927579365079366 0.05419973544973545
2 0.48315476190476186 0.6938492063492063 0.06500330687830688 0.0630489417989418
2 0.4384755291005291 0.7246097883597883 0.05398478835978836 0.055115740740740736
2 0.5195304232804233 0.5346693121693121 0.05865410052910053 0.05291666666666667
3 0.5410152116402116 0.6132804232804233 0.062103174603174605 0.060760582010582015
2 0.2563492063492064 0.5454100529100528 0.06585648148148149 0.06188822751322751
2 0.5566402116402116 0.6679695767195767 0.05603174603174603 0.06143187830687831
2 0.6645502645502646 0.48754960317460316 0.060760582010582015 0.06854166666666667
2 0.4516600529100529 0.6386706349206349 0.054292328042328045 0.05059854497354497
2 0.5961904761904763 0.6318353174603175 0.057189153439153435 0.06323082010582011
2 0.2507308201058201 0.6450198412698412 0.06707671957671958 0.07031415343915344
3 0.4077149470899471 0.6767592592592593 0.062103174603174605 0.06878637566137566
2 0.391114417989418 0.764160052910053 0.06176917989417989 0.06732142857142857
2 0.671875 0.5986342592592593 0.06890873015873016 0.06030423280423281
2 0.4260251322751323 0.33837962962962964 0.057189153439153435 0.05801256613756614
2 0.3291005291005291 0.7788095238095237 0.0646362433862434 0.06952050264550264
2 0.3828141534391535 0.2705092592592592 0.05758597883597883 0.054292328042328045
2 0.45678571428571424 0.39379960317460316 0.05593915343915344 0.06143187830687831
2 0.20446759259259256 0.29028439153439156 0.06311177248677248 0.06030423280423281
2 0.5537103174603175 0.2939451058201058 0.06030423280423281 0.05624338624338625
2 0.7539054232804233 0.18896494708994707 0.0637202380952381 0.05780092592592592