3 0.42024801587301586 0.38793898809523814 0.05611111111111111 0.04107638888888889
3 0.38932208994708994 0.5541989087301588 0.05436177248677248 0.048035714285714286
3 0.5022784391534392 0.5268551587301588 0.05847222222222222 0.037323908730158735
3 0.34602843915343917 0.4887698412698413 0.059447751322751326 0.04611111111111111
3 0.3151058201058201 0.31103422619047616 0.07279431216931216 0.05728174603174603
3 0.42545634920634917 0.45043898809523814 0.04793320105820106 0.03802579365079365
3 0.5299470899470899 0.3417981150793651 0.05497354497354498 0.03802579365079365
3 0.3307308201058201 0.6840823412698412 0.06514550264550265 0.04876736111111111
3 0.5807308201058201 0.4106448412698413 0.06311177248677248 0.040528273809523806
3 0.2444675925925926 0.41552827380952384 0.07279431216931216 0.04138144841269841
3 0.5764980158730159 0.6376959325396826 0.053670634920634924 0.04400545634920635
3 0.5891931216931217 0.5732415674603174 0.06404761904761905 0.04177827380952381
3 0.5511078042328043 0.6079092261904763 0.053670634920634924 0.043608630952380954