3 0.5120436507936508 0.5336904761904763 0.045899470899470905 0.03050347222222222
3 0.47135582010582017 0.2421875 0.05436177248677248 0.043122519841269843
3 0.6907539682539683 0.44506944444444446 0.048095238095238094 0.037901785714285714
3 0.5758465608465608 0.3359375 0.05033399470899471 0.036622023809523806
3 0.3730456349206349 0.31762648809523814 0.057820767195767196 0.043122519841269843
3 0.3704431216931217 0.45703125 0.04801587301587301 0.042571924603174605
3 0.531901455026455 0.6469717261904763 0.042156084656084655 0.030151289682539682
3 0.3590509259259259 0.6147470238095237 0.045370370370370366 0.037596726190476194
3 0.23323412698412696 0.80078125 0.05749669312169312 0.04638640873015873
3 0.7005224867724869 0.5209970238095237 0.055380291005291 0.03460813492063492
3 0.3684887566137566 0.35839781746031746 0.05847222222222222 0.039642857142857146
3 0.640625 0.6801760912698412 0.06278439153439154 0.05059771825396825