3 0.6728505291005291 0.2352281746031746 0.05966269841269841 0.05856481481481481
3 0.5229497354497354 0.3798842592592592 0.052519841269841265 0.05822751322751323
3 0.6635747354497354 0.42724537037037036 0.05822751322751323 0.05551256613756614
3 0.43310515873015876 0.5229497354497354 0.06548941798941799 0.05911375661375661
3 0.23144510582010583 0.5791005291005291 0.06756613756613757 0.05560185185185185
3 0.765625 0.6572255291005291 0.06939814814814815 0.05996693121693122
3 0.3039550264550264 0.671385582010582 0.03985449735449735 0.04788359788359789
3 0.5288095238095237 0.7094742063492063 0.06939814814814815 0.062440476190476185
3 0.6025396825396825 0.3891600529100529 0.05920304232804233 0.06396494708994709
3 0.720214947089947 0.5986342592592593 0.05243055555555556 0.04858465608465608
3 0.6528306878306879 0.6030257936507937 0.060853174603174603 0.059751984126984126