0 0.4445800264550265 0.6318353174603175 0.04409722222222222 0.042572751322751325
0 0.49633928571428576 0.5380853174603175 0.03979497354497354 0.044586640211640216
0 0.6586904761904763 0.4667956349206349 0.039702380952380954 0.03845238095238095
0 0.3962400793650794 0.5756845238095237 0.03979497354497354 0.05612103174603175
0 0.34057539682539684 0.5356448412698412 0.05032407407407408 0.039702380952380954
0 0.4382308201058201 0.44116071428571424 0.06268187830687831 0.06903108465608465
0 0.453369708994709 0.5678703703703704 0.04876653439153439 0.03933862433862434
0 0.3232407407407408 0.484375 0.05697751322751323 0.040770502645502645
0 0.343994708994709 0.5737301587301588 0.041838624338624335 0.04162698412698412
0 0.5419907407407407 0.5195304232804233 0.05371031746031746 0.061309523809523814
0 0.4448247354497355 0.516114417989418 0.05090277777777778 0.03549272486772487
0 0.5532242063492063 0.625 0.06817791005291005 0.06756613756613757
0 0.572744708994709 0.5378240740740741 0.028184523809523812 0.04960978835978836