3 0.5615244708994709 0.6430654761904763 0.05954034391534392 0.06451388888888888
3 0.6201157407407407 0.5195304232804233 0.07238756613756614 0.06597883597883598
3 0.6289054232804233 0.46411044973544974 0.05450396825396825 0.056335978835978844
3 0.6508796296296296 0.671875 0.060760582010582015 0.059751984126984126
3 0.6274404761904763 0.37963955026455026 0.05490079365079365 0.05932539682539683
3 0.5502943121693121 0.8227546296296298 0.07586640211640211 0.06500330687830688
3 0.46289021164021166 0.344239417989418 0.061309523809523814 0.06451388888888888
3 0.43359457671957674 0.7324206349206349 0.08020171957671958 0.0765376984126984
3 0.2785648148148148 0.625 0.06994708994708995 0.06143187830687831
3 0.43383928571428576 0.4792493386243386 0.05749669312169312 0.052519841269841265
3 0.41162037037037036 0.5771494708994709 0.054596560846560845 0.05932539682539683