1 0.2727050264550264 0.46997023809523814 0.05050595238095238 0.03964285714285714
1 0.46289021164021166 0.5991203703703704 0.04467923280423281 0.038971560846560845
1 0.5224603174603175 0.5771494708994709 0.03726190476190477 0.04434193121693122
1 0.4191898148148149 0.7841798941798942 0.046815476190476185 0.047149470899470906
1 0.41870039682539684 0.6137698412698412 0.04913359788359789 0.04193121693121693
1 0.5590806878306879 0.5458994708994709 0.044189814814814814 0.046385582010582016
1 0.59375 0.4191898148148149 0.04327380952380953 0.03747685185185185
1 0.44726521164021166 0.4868154761904762 0.04950066137566138 0.04345568783068783
1 0.5678703703703704 0.7431646825396825 0.05004960317460317 0.048125
1 0.4511706349206349 0.3798842592592592 0.042328042328042326 0.04760582010582011
1 0.609375 0.4980456349206349 0.04525793650793651 0.0483994708994709
1 0.4868154761904762 0.4194345238095238 0.04302910052910053 0.04913359788359789
1 0.3657242063492064 0.6918948412698412 0.03768849206349206 0.045195105820105816
1 0.5585945767195767 0.4772949735449735 0.05004960317460317 0.04327380952380953