3 0.8471676587301588 0.4632175925925926 0.05154513888888889 0.04895171957671958
3 0.33203125 0.5498048941798942 0.04601934523809524 0.05416005291005291
3 0.26806547619047616 0.3971362433862434 0.04577628968253968 0.05924603174603175
3 0.5991220238095237 0.5917956349206349 0.040771329365079365 0.057374338624338626
3 0.5253918650793651 0.3141269841269841 0.03875744047619048 0.046875
3 0.7529290674603174 0.311359126984127 0.04321180555555555 0.05578703703703703
3 0.45165922619047616 0.4267592592592592 0.05450396825396825 0.06746362433862434
3 0.4565426587301587 0.2832043650793651 0.042023809523809526 0.06490079365079365
3 0.69921875 0.4840509259259259 0.04272569444444445 0.0507010582010582
3 0.41796875 0.7167956349206349 0.04217509920634921 0.06229497354497354
3 0.6904290674603174 0.26643849206349207 0.04046626984126984 0.04614417989417989
3 0.5947271825396826 0.329265873015873 0.04248015873015873 0.06453373015873017
3 0.51953125 0.6438789682539682 0.05175843253968254 0.06103505291005291
3 0.6806646825396826 0.6692724867724869 0.048125 0.05578703703703703
3 0.6591790674603174 0.44075396825396823 0.03396577380952381 0.0526521164021164
3 0.58203125 0.4752612433862434 0.0394890873015873 0.04919312169312169
3 0.36181547619047616 0.5979828042328043 0.03616319444444444 0.05187830687830688