2 0.45410218253968254 0.6848974867724869 0.05813492063492064 0.07238756613756614
2 0.6225595238095237 0.6907539682539683 0.05889880952380952 0.07482804232804233
2 0.34375 0.7337235449735451 0.05572420634920635 0.07145171957671957
2 0.5209970238095237 0.5436210317460318 0.05865575396825397 0.07568452380952381
2 0.7265625 0.6516931216931217 0.05624503968253968 0.07881613756613756
2 0.4291989087301587 0.4319675925925926 0.05389384920634921 0.07043320105820106
2 0.5126959325396826 0.7975264550264549 0.057708333333333334 0.07881613756613756
2 0.35058531746031746 0.4586574074074074 0.053008432539682536 0.06860449735449736
2 0.6010739087301588 0.29915343915343917 0.0551140873015873 0.07002645502645502
2 0.35449156746031746 0.5410152116402116 0.06817708333333333 0.07666005291005291
2 0.5629885912698412 0.44140542328042326 0.049134424603174603 0.06978505291005291
2 0.7255853174603174 0.47200396825396823 0.05529761904761905 0.0633531746031746
2 0.6176760912698412 0.4794907407407408 0.054107142857142854 0.07735119047619048