2 0.16833333333333333 0.5126951058201058 0.07763558201058202 0.07104497354497355
2 0.08209325396825397 0.4863293650793651 0.07794312169312169 0.07171626984126984
2 0.2678207671957672 0.5434556878306879 0.07452380952380953 0.07080026455026454
2 0.39428571428571424 0.47192460317460316 0.06451388888888888 0.06939814814814815
2 0.7851554232804233 0.4660648148148149 0.07055555555555557 0.07250992063492064
2 0.44042989417989414 0.2756349206349206 0.07122685185185185 0.06744378306878307
2 0.3422850529100529 0.5322255291005291 0.07134920634920634 0.07397486772486772
2 0.3308101851851852 0.6025396825396825 0.08105489417989419 0.07183862433862434
2 0.5483399470899472 0.3889153439153439 0.06475859788359789 0.07263227513227513
2 0.6162103174603175 0.6240244708994709 0.07574404761904763 0.07031415343915344
2 0.6450198412698412 0.5649404761904763 0.08343584656084656 0.07574404761904763
2 0.4055191798941799 0.6337896825396825 0.07318121693121693 0.06143187830687831
2 0.6572255291005291 0.4829100529100529 0.05801256613756614 0.05911375661375661
2 0.34765542328042326 0.35400462962962964 0.07367063492063491 0.08911044973544975
2 0.421385582010582 0.5488293650793651 0.06939814814814815 0.0797718253968254
2 0.4787599206349206 0.5976554232804233 0.07397486772486772 0.07122685185185185
2 0.515135582010582 0.655760582010582 0.07354828042328042 0.06915343915343916
2 0.5742195767195767 0.530760582010582 0.07043320105820106 0.07836970899470899
2 0.6020502645502646 0.4753406084656085 0.06420965608465608 0.06585648148148149
2 0.44506944444444446 0.6796891534391535 0.07434193121693122 0.06524801587301587
2 0.4521494708994709 0.406005291005291 0.07629298941798943 0.062103174603174605
2 0.6235350529100528 0.3977050264550265 0.06420965608465608 0.06829695767195768
2 0.5332043650793651 0.5732407407407407 0.05551256613756614 0.06030423280423281