3 0.5825198412698412 0.47493386243386243 0.04248015873015873 0.059814814814814814
3 0.5551760912698412 0.5983068783068783 0.04113839285714286 0.06278439153439154
3 0.48730406746031746 0.2791335978835979 0.043854166666666666 0.05464616402116402
3 0.3911135912698413 0.37727843915343917 0.038390376984126985 0.05090277777777778
3 0.5903323412698412 0.2446296296296296 0.04009920634920635 0.06135912698412699
3 0.43383680555555554 0.6331382275132275 0.042571924603174605 0.05053571428571428
3 0.6684573412698412 0.3658862433862434 0.03643849206349206 0.05196097883597883
3 0.5356448412698412 0.3427744708994709 0.03561507936507936 0.05834986772486772
3 0.30859375 0.5244146825396825 0.04638640873015873 0.06925595238095238
3 0.7529290674603174 0.6373710317460318 0.04977430555555556 0.05558201058201059
3 0.5317385912698412 0.7838558201058201 0.05932539682539682 0.07267195767195767
3 0.6855481150793651 0.49283730158730155 0.046294642857142854 0.05924603174603175