1 0.5123115079365079 0.7214087301587302 0.031046626984126986 0.040013227513227514
1 0.6518551587301588 0.6435548941798942 0.03359871031746032 0.046345899470899475
1 0.4018551587301587 0.594401455026455 0.024231150793650794 0.03440476190476191
1 0.6591790674603174 0.5875661375661375 0.03918402777777778 0.041990740740740745
1 0.5278323412698412 0.6145833333333334 0.032896825396825397 0.03827050264550265
1 0.5737301587301588 0.5572916666666666 0.034759424603174605 0.042642195767195766
1 0.53515625 0.4059259259259259 0.027008928571428573 0.03692791005291005
1 0.4926760912698413 0.5406911375661375 0.035064484126984125 0.03930555555555555
1 0.5239260912698412 0.5520833333333334 0.031205357142857142 0.04402777777777777
1 0.6103521825396826 0.44010582010582017 0.03283730158730159 0.03643849206349206
1 0.55078125 0.49934854497354497 0.029816468253968255 0.03792328042328043
1 0.5439459325396826 0.5771494708994709 0.03460813492063492 0.040588624338624334
1 0.5566418650793651 0.4332671957671958 0.03533978174603175 0.036233465608465604
1 0.5815426587301588 0.6002612433862434 0.03338541666666667 0.04874669312169312
1 0.5205084325396826 0.5042328042328043 0.03442460317460318 0.05476851851851852
1 0.5625 0.3958333333333333 0.027740575396825395 0.04479828042328042
1 0.6166989087301588 0.5315740740740741 0.036835317460317464 0.0430489417989418
1 0.6347668650793651 0.46484457671957674 0.03601190476190476 0.04113756613756614
1 0.6650396825396826 0.3701157407407408 0.031371527777777776 0.04075066137566138
1 0.5859375 0.48698082010582017 0.03378224206349206 0.042397486772486774