1 0.5058597883597884 0.6103505291005291 0.06561177248677248 0.062225529100529094
1 0.6162103174603175 0.5361342592592593 0.06118716931216931 0.06231812169312169
1 0.40087962962962964 0.594239417989418 0.05834986772486772 0.06231812169312169
1 0.4909656084656085 0.5371097883597884 0.05654761904761905 0.05572420634920634
1 0.5581051587301588 0.4423842592592592 0.055115740740740736 0.05664021164021164
1 0.6982407407407407 0.48803571428571424 0.04940806878306878 0.052519841269841265
1 0.34985449735449736 0.4550793650793651 0.06561177248677248 0.0609755291005291
1 0.6420899470899472 0.3833002645502645 0.062103174603174605 0.05572420634920634
1 0.5571296296296296 0.3225099206349206 0.06063822751322751 0.061646825396825394
1 0.41601521164021166 0.40087962962962964 0.060853174603174603 0.05856481481481481
1 0.4282242063492064 0.47241071428571424 0.060760582010582015 0.0629265873015873