2 0.2585449735449736 0.5458994708994709 0.06817791005291005 0.07452380952380953
2 0.6640641534391535 0.4594742063492064 0.05899140211640211 0.05551256613756614
2 0.3657242063492064 0.5825198412698412 0.0792228835978836 0.06829695767195768
2 0.3864748677248677 0.5029298941798942 0.07196097883597884 0.0646362433862434
2 0.6547850529100528 0.5395502645502646 0.07055555555555557 0.06396494708994709
2 0.327880291005291 0.4401851851851851 0.06866402116402116 0.07031415343915344
2 0.5727546296296296 0.4504398148148149 0.07208333333333333 0.0628042328042328
2 0.47973544973544974 0.4680191798941799 0.07226521164021164 0.062103174603174605
2 0.734375 0.6367195767195767 0.07666005291005291 0.07464616402116402
2 0.4523941798941799 0.5820304232804233 0.07067791005291005 0.07434193121693122
2 0.4780257936507936 0.3146957671957672 0.05813492063492064 0.06042328042328042
2 0.6625992063492063 0.5976554232804233 0.07287698412698412 0.06176917989417989
2 0.44702050264550264 0.4177248677248677 0.06817791005291005 0.06805555555555556
2 0.5297850529100528 0.5800793650793651 0.06939814814814815 0.07006944444444443
2 0.3898941798941799 0.4384755291005291 0.06008928571428572 0.06805555555555556
2 0.5991203703703704 0.5947255291005291 0.06952050264550264 0.07208333333333333
2 0.5444345238095237 0.6469742063492063 0.07043320105820106 0.07385251322751323
2 0.6918948412698412 0.6948247354497354 0.07250992063492064 0.0808101851851852
2 0.6196296296296296 0.6665046296296296 0.08300925925925927 0.07342592592592592
2 0.47241071428571424 0.6508796296296296 0.0634755291005291 0.07134920634920634
2 0.4638657407407408 0.7392592592592593 0.06524801587301587 0.08178571428571428