3 0.766114417989418 0.5380853174603175 0.0635978835978836 0.05780092592592592
2 0.7880853174603175 0.4326157407407408 0.06255952380952381 0.05310185185185186
2 0.7290046296296298 0.4836441798941799 0.04794312169312169 0.05987433862433862
2 0.46997023809523814 0.5664054232804233 0.05441137566137566 0.05966269841269841
2 0.6479497354497354 0.671875 0.06659060846560846 0.06176917989417989
2 0.3744080687830688 0.4357903439153439 0.05822751322751323 0.05865410052910053
2 0.4245601851851851 0.39184523809523814 0.06719907407407408 0.05645833333333333
2 0.38671957671957674 0.5532242063492063 0.05780092592592592 0.05801256613756614
2 0.5878902116402116 0.5014649470899472 0.06683201058201058 0.05551256613756614
2 0.4826653439153439 0.6835945767195767 0.06878637566137566 0.06488095238095237
2 0.5205092592592593 0.4602050264550265 0.06420965608465608 0.060515873015873016
2 0.37109457671957674 0.49633928571428576 0.05911375661375661 0.06610119047619047
2 0.28515542328042326 0.7216798941798942 0.05551256613756614 0.06622354497354498
2 0.8002943121693122 0.33935515873015876 0.05758597883597883 0.0609755291005291
2 0.6074206349206349 0.40087962962962964 0.05108796296296297 0.06176917989417989
2 0.5834953703703704 0.3020006613756614 0.05758597883597883 0.06188822751322751
2 0.32080026455026456 0.5053703703703704 0.05728174603174603 0.06548941798941799
2 0.4211441798941799 0.4680191798941799 0.059751984126984126 0.056855158730158735
2 0.2607407407407408 0.5991203703703704 0.062440476190476185 0.06268187830687831
2 0.2775892857142857 0.4702149470899471 0.05645833333333333 0.06143187830687831
2 0.3552248677248677 0.36059523809523814 0.06634589947089947 0.0640873015873016
2 0.22045965608465606 0.4990244708994709 0.06323082010582011 0.06255952380952381
2 0.4267592592592592 0.33544973544973544 0.061309523809523814 0.05987433862433862
2 0.296875 0.5561507936507937 0.06671296296296296 0.06311177248677248
2 0.7373048941798942 0.33203042328042326 0.05468915343915344 0.060211640211640216
2 0.5244146825396825 0.41088955026455026 0.06573412698412698 0.051269841269841264
2 0.4714351851851851 0.4296891534391535 0.04968253968253968 0.05593915343915344
2 0.5185548941798942 0.22106812169312168 0.05856481481481481 0.05706679894179894