3 0.5571279761904763 0.4586574074074074 0.049042658730158735 0.05196097883597883
3 0.33691468253968254 0.49153769841269845 0.05291666666666667 0.059814814814814814
3 0.7084970238095237 0.6598313492063492 0.04788194444444444 0.0730787037037037
3 0.6508779761904763 0.5481779100529101 0.05349702380952381 0.07108465608465608
3 0.5302728174603174 0.32275462962962964 0.048035714285714286 0.05611111111111111
3 0.51171875 0.41796957671957674 0.0476984126984127 0.0634755291005291
3 0.43676835317460316 0.6699206349206349 0.05233878968253968 0.07002645502645502
3 0.6782217261904763 0.2791335978835979 0.04794394841269841 0.06441137566137566
3 0.46484375 0.4661474867724868 0.04168650793650794 0.057374338624338626
3 0.5263665674603174 0.7213558201058201 0.04400545634920635 0.06184854497354497
3 0.7705084325396826 0.45442791005291006 0.04690476190476191 0.05924603174603175