0 0.515135582010582 0.7714847883597883 0.05358796296296297 0.06781084656084656
0 0.6337896825396825 0.5078141534391535 0.06939814814814815 0.060515873015873016
0 0.37622023809523814 0.4375 0.07342592592592592 0.06198082010582011
0 0.6235350529100528 0.6035152116402116 0.041078042328042325 0.04351851851851852
0 0.6665046296296296 0.39672949735449736 0.05551256613756614 0.06063822751322751
0 0.45776455026455026 0.453614417989418 0.04794312169312169 0.042632275132275126
0 0.5512698412698412 0.37133928571428576 0.0473313492063492 0.04345568783068783
0 0.27026455026455026 0.5380853174603175 0.05398478835978836 0.04690476190476191
0 0.390135582010582 0.37622023809523814 0.07287698412698412 0.05844246031746032
0 0.41821428571428576 0.655760582010582 0.044586640211640216 0.061524470899470905
0 0.3410648148148149 0.4877943121693121 0.052705026455026456 0.04068121693121693
0 0.3740244708994709 0.5605456349206349 0.03671296296296296 0.049589947089947094
0 0.531739417989418 0.6005853174603175 0.08050595238095237 0.07989417989417989
0 0.5371097883597884 0.4660648148148149 0.07476851851851851 0.07989417989417989