1 0.5253918650793651 0.4739583333333333 0.03366071428571429 0.053670634920634924
1 0.5229489087301588 0.5540376984126985 0.032715773809523806 0.04748677248677249
1 0.5556646825396826 0.5328769841269841 0.03521825396825397 0.05497354497354498
1 0.4865724206349206 0.4528009259259259 0.038390376984126985 0.04337632275132275
1 0.5034176587301588 0.4153637566137566 0.03643849206349206 0.04801587301587301
1 0.5458978174603174 0.43131613756613757 0.04016121031746032 0.04321428571428572
1 0.59375 0.5501289682539682 0.04217509920634921 0.05423941798941799
1 0.5717782738095237 0.4798181216931217 0.04223710317460318 0.053465608465608466
1 0.6264657738095237 0.3795568783068783 0.028273809523809524 0.04044642857142857
1 0.5302728174603174 0.38997354497354497 0.036773313492063496 0.04756613756613757
1 0.45849702380952384 0.5621759259259259 0.04370039682539682 0.053141534391534385
1 0.46020585317460316 0.5423181216931217 0.012872023809523809 0.013194444444444444