3 0.7329092261904763 0.515625 0.04742311507936508 0.05118716931216931
3 0.37744047619047616 0.3395171957671958 0.04168650793650794 0.04614417989417989
3 0.26538194444444446 0.516276455026455 0.043854166666666666 0.05651785714285714
3 0.6904290674603174 0.34212301587301586 0.03979414682539682 0.047404100529100525
3 0.4003918650793651 0.6907539682539683 0.05233878968253968 0.07226521164021164
3 0.5268551587301588 0.5332043650793651 0.0390625 0.05139219576719577
3 0.40087797619047616 0.47233134920634917 0.03533978174603175 0.04939814814814815
3 0.5927728174603174 0.45149801587301586 0.04107638888888889 0.05216600529100529
3 0.5131845238095237 0.6914054232804233 0.043854166666666666 0.06103505291005291
3 0.5947271825396826 0.5615244708994709 0.042814980158730157 0.051107804232804234
3 0.6220709325396826 0.7174470899470899 0.05310019841269841 0.057374338624338626
3 0.5410168650793651 0.40885582010582017 0.043365575396825395 0.055704365079365076
3 0.6440426587301588 0.44596230158730155 0.04394593253968254 0.0526521164021164
3 0.44433531746031746 0.48502645502645503 0.0450124007936508 0.05416005291005291
3 0.45385664682539684 0.43359457671957674 0.03768849206349206 0.05497354497354498
3 0.47558531746031746 0.5865873015873015 0.04638640873015873 0.062175925925925926
3 0.6767584325396826 0.5201818783068783 0.042083333333333334 0.05326388888888889