3 0.6308606150793651 0.4892592592592592 0.043608630952380954 0.053670634920634924
3 0.4782713293650794 0.4622387566137566 0.04492311507936508 0.05423941798941799
3 0.38427827380952384 0.32535714285714284 0.043854166666666666 0.05529761904761905
3 0.6347668650793651 0.3307308201058201 0.03698660714285714 0.04666997354497354
3 0.7558606150793651 0.41829365079365083 0.027633928571428573 0.05175925925925926
3 0.6777356150793651 0.2444675925925926 0.040528273809523806 0.05167658730158731
3 0.484375 0.6311838624338625 0.03704861111111111 0.058267195767195766
3 0.6816418650793651 0.6438789682539682 0.04037450396825397 0.05794312169312169
3 0.296875 0.4951157407407408 0.04376240079365079 0.048095238095238094
3 0.39184523809523814 0.43033730158730155 0.0409250992063492 0.06091269841269841
3 0.4943849206349206 0.7975264550264549 0.042814980158730157 0.060138888888888895
3 0.5620114087301588 0.35709656084656083 0.0371999007936508 0.04903108465608466
3 0.5786135912698412 0.5846362433862434 0.03768849206349206 0.05464616402116402
3 0.38012648809523814 0.5022784391534392 0.03622519841269841 0.05375
3 0.48803819444444446 0.2745767195767196 0.04009920634920635 0.06384259259259259