3 0.610026455026455 0.3146974206349206 0.05216600529100529 0.04690476190476191
3 0.6276058201058201 0.4370114087301587 0.05891865079365079 0.04351686507936508
3 0.4384755291005291 0.5234375 0.05273478835978836 0.04486111111111111
3 0.7571626984126983 0.5971676587301588 0.061970899470899475 0.041230158730158735
3 0.5185548941798942 0.3811036706349206 0.06266203703703704 0.03912450396825397
3 0.5035813492063492 0.24133184523809523 0.05847222222222222 0.043854166666666666
3 0.4752612433862434 0.7548834325396826 0.05603174603174603 0.04345734126984127
3 0.6044907407407407 0.5922842261904763 0.06978505291005291 0.05081101190476191
3 0.6184887566137566 0.7133779761904763 0.09716931216931216 0.06427083333333333
3 0.44987103174603177 0.6704092261904763 0.07865410052910053 0.06732142857142857
3 0.35579365079365083 0.6059573412698412 0.058267195767195766 0.04062003968253968
3 0.49316468253968254 0.20446676587301588 0.060138888888888895 0.040984623015873016
3 0.6526686507936508 0.5439459325396826 0.061726190476190476 0.04534970238095238
3 0.48209656084656083 0.28149305555555554 0.062175925925925926 0.05081101190476191
3 0.47591269841269845 0.4799801587301587 0.06046626984126984 0.04434275793650794