1 0.406005291005291 0.4753406084656085 0.04238756613756614 0.03616402116402116
1 0.4145502645502645 0.6083994708994709 0.04068121693121693 0.039427910052910055
1 0.499755291005291 0.4479993386243386 0.04302910052910053 0.03781084656084656
1 0.5053703703703704 0.4885251322751323 0.03436177248677248 0.03933862433862434
1 0.5537103174603175 0.39184523809523814 0.032410714285714286 0.03643849206349206
1 0.4707043650793651 0.3891600529100529 0.046021825396825394 0.03955026455026455
1 0.46411044973544974 0.49243055555555554 0.04092261904761905 0.03881944444444445
1 0.452880291005291 0.42626984126984124 0.04162698412698412 0.04486111111111111
1 0.703125 0.5825198412698412 0.036894841269841265 0.037903439153439154
1 0.6132804232804233 0.4863293650793651 0.038389550264550265 0.042328042328042326
1 0.515625 0.41235449735449736 0.036560846560846565 0.04223544973544974
1 0.5747056878306879 0.4819345238095238 0.042632275132275126 0.04611111111111111
1 0.6655257936507937 0.3969742063492064 0.037903439153439154 0.0457771164021164
1 0.734864417989418 0.6181646825396825 0.03482142857142857 0.039702380952380954