0 0.49900132275132275 0.627157738095238 0.06666335978835979 0.05533978174603175
0 0.47135582010582017 0.5566418650793651 0.05761574074074074 0.051941964285714286
0 0.5227876984126985 0.41699156746031746 0.047648809523809524 0.03366071428571429
0 0.40332010582010586 0.4980481150793651 0.05033399470899471 0.0409250992063492
0 0.5778009259259259 0.4252926587301587 0.057820767195767196 0.046202876984126985
0 0.5257175925925925 0.5151364087301588 0.06937499999999999 0.044188988095238094
0 0.46191468253968254 0.44506944444444446 0.05293650793650794 0.041230158730158735
0 0.53125 0.48168898809523814 0.04557208994708995 0.03314236111111111
0 0.5729166666666666 0.48315476190476186 0.04732142857142857 0.03234871031746032
0 0.5823578042328043 0.5605481150793651 0.046507936507936505 0.035553075396825395
0 0.39648478835978834 0.5527356150793651 0.041990740740740745 0.027633928571428573
0 0.48209656084656083 0.49340773809523814 0.04666997354497354 0.03234871031746032
0 0.5970039682539682 0.5185540674603174 0.033895502645502645 0.033539186507936504