1 0.5122073412698412 0.7148445767195767 0.03515625 0.04581679894179894
1 0.6684573412698412 0.5517592592592593 0.036773313492063496 0.04321428571428572
1 0.43286210317460316 0.6129563492063492 0.032715773809523806 0.04083333333333333
1 0.6660168650793651 0.4375 0.03436259920634921 0.042156084656084655
1 0.52734375 0.4173181216931217 0.03442460317460318 0.04626322751322751
1 0.6435540674603174 0.4697255291005291 0.03359871031746032 0.05118716931216931
1 0.47802827380952384 0.42871031746031746 0.028214285714285716 0.025066137566137566
1 0.6357415674603174 0.5371097883597884 0.03488095238095238 0.047404100529100525
1 0.5483407738095237 0.4833994708994709 0.023467261904761907 0.035482804232804234
1 0.5805654761904763 0.44010582010582017 0.0248859126984127 0.031044973544973542
1 0.41479414682539684 0.5660813492063492 0.038908730158730157 0.043945105820105815
1 0.5649404761904763 0.6630853174603175 0.03567460317460318 0.04272486772486772
1 0.5893551587301588 0.5709623015873015 0.035828373015873015 0.04882936507936508
1 0.47973710317460316 0.6403009259259259 0.042083333333333334 0.046507936507936505
1 0.6259771825396826 0.6227215608465608 0.03359871031746032 0.03741402116402116
1 0.4609375 0.578776455026455 0.03753720238095238 0.04496362433862434
1 0.4609375 0.5367824074074075 0.03875744047619048 0.04329365079365079
1 0.5537103174603174 0.5250661375661375 0.041321924603174603 0.047648809523809524
1 0.49511656746031746 0.5608730158730159 0.03482142857142857 0.03741402116402116
1 0.4431150793650794 0.44108134920634917 0.03173859126984127 0.047404100529100525
1 0.5473635912698412 0.5804034391534392 0.03747519841269841 0.046875
1 0.5996106150793651 0.49609457671957674 0.038970734126984125 0.04614417989417989
1 0.6904290674603174 0.48079365079365083 0.02998263888888889 0.04557208994708995
1 0.546875 0.6295568783068783 0.03366071428571429 0.05061838624338624
1 0.49487351190476186 0.5061838624338625 0.030791170634920637 0.05175925925925926
1 0.5795907738095237 0.6230456349206349 0.0371999007936508 0.046507936507936505
1 0.6660168650793651 0.48307208994708994 0.022537202380952383 0.04313161375661376