2 0.4104001322751323 0.5380853174603175 0.05920304232804233 0.0646362433862434
2 0.6215806878306879 0.5146494708994709 0.06939814814814815 0.0609755291005291
2 0.4638657407407408 0.4616699735449735 0.05877645502645503 0.05856481481481481
2 0.5224603174603175 0.546385582010582 0.07318121693121693 0.06756613756613757
2 0.7631845238095237 0.5761706349206349 0.07134920634920634 0.06732142857142857
2 0.30639550264550264 0.6396494708994709 0.06396494708994709 0.05834986772486772
2 0.203125 0.4614252645502645 0.08020171957671958 0.05856481481481481
2 0.5874007936507937 0.5766600529100528 0.06817791005291005 0.05920304232804233
2 0.4653306878306879 0.6010747354497354 0.06439153439153439 0.06109457671957672
2 0.6333002645502646 0.43139550264550264 0.07019179894179894 0.06063822751322751
2 0.6762698412698412 0.7138657407407407 0.06927579365079366 0.06008928571428572
2 0.5805654761904763 0.6318353174603175 0.06500330687830688 0.057189153439153435
2 0.6333002645502646 0.37060515873015876 0.07006944444444443 0.06707671957671958
2 0.7597652116402117 0.40307539682539684 0.06143187830687831 0.0634755291005291
2 0.734864417989418 0.35327050264550264 0.06719907407407408 0.0637202380952381
2 0.7919907407407407 0.3613293650793651 0.06109457671957672 0.06188822751322751