1 0.5532242063492063 0.4555654761904762 0.042480158730158736 0.03881944444444445
1 0.47192460317460316 0.5053703703703704 0.03698743386243386 0.04016203703703704
1 0.704100529100529 0.4921891534391535 0.042328042328042326 0.0457771164021164
1 0.49414021164021166 0.4721693121693121 0.036772486772486776 0.038697089947089945
1 0.687010582010582 0.4394543650793651 0.04351851851851852 0.04147486772486773
1 0.6269543650793651 0.4604497354497355 0.04794312169312169 0.038389550264550265
1 0.7470701058201058 0.4458002645502645 0.045195105820105816 0.04031415343915344
1 0.3940443121693121 0.5039054232804233 0.041230158730158735 0.04327380952380953
1 0.766114417989418 0.5166005291005291 0.04336640211640211 0.046630291005291
1 0.578614417989418 0.4228505291005291 0.04336640211640211 0.04428240740740741
1 0.5258796296296296 0.4194345238095238 0.040770502645502645 0.04443452380952381
1 0.6474603174603175 0.5039054232804233 0.03149470899470899 0.04168650793650794
1 0.6367195767195767 0.4199206349206349 0.0474239417989418 0.04272486772486772