0 0.4621593915343915 0.7084953703703702 0.05261243386243386 0.06475859788359789
0 0.4357903439153439 0.6176752645502646 0.060853174603174603 0.06255952380952381
0 0.4162599206349206 0.6689451058201058 0.04052579365079365 0.037384259259259256
0 0.37719576719576725 0.6694345238095237 0.037046957671957675 0.037384259259259256
0 0.2592757936507936 0.453614417989418 0.04016203703703704 0.03949074074074074
0 0.3608399470899471 0.5356448412698412 0.05224537037037037 0.062103174603174605
0 0.2854001322751323 0.5732407407407407 0.05410714285714286 0.046997354497354496
0 0.6035152116402116 0.6396494708994709 0.05023148148148148 0.05004960317460317
0 0.42309523809523814 0.40917989417989414 0.05676256613756614 0.05996693121693122
0 0.4851058201058201 0.5507804232804233 0.06707671957671958 0.06176917989417989
0 0.49536044973544974 0.4936507936507936 0.046385582010582016 0.04760582010582011
0 0.3610846560846561 0.5883796296296296 0.04370039682539683 0.04611111111111111