2 0.5058606150793651 0.47819113756613757 0.05004960317460318 0.06453373015873017
2 0.6738293650793651 0.7460945767195767 0.05728174603174603 0.07214285714285715
2 0.44140625 0.45182208994708994 0.051941964285714286 0.06428902116402116
2 0.45581101190476186 0.5234391534391535 0.05358878968253968 0.06624338624338624
2 0.43432539682539684 0.7180985449735451 0.054290674603174605 0.07226521164021164
2 0.5537103174603174 0.6985681216931217 0.05865575396825397 0.07145171957671957
2 0.5795907738095237 0.6090509259259259 0.0528249007936508 0.06860449735449736
2 0.37744047619047616 0.6868485449735451 0.05441220238095238 0.06872685185185186
2 0.4313963293650794 0.6510416666666666 0.056976686507936504 0.07132936507936508
2 0.7324231150793651 0.6673181216931217 0.05480902777777778 0.07596891534391534
2 0.5136731150793651 0.32373015873015876 0.04794394841269841 0.06298941798941798
2 0.69921875 0.39648478835978834 0.051941964285714286 0.07389219576719576