1 0.4028306878306879 0.6762698412698412 0.042632275132275126 0.04913359788359789
1 0.48876984126984124 0.6650396825396825 0.05398478835978836 0.04968253968253968
1 0.4270006613756614 0.562989417989418 0.0453505291005291 0.04351851851851852
1 0.6152347883597884 0.6503902116402116 0.04653769841269841 0.04061838624338624
1 0.484619708994709 0.6064451058201058 0.042572751322751325 0.05380291005291005
1 0.5537103174603175 0.6909193121693122 0.05050595238095238 0.05004960317460317
1 0.4541005291005291 0.5380853174603175 0.04370039682539683 0.042023809523809526
1 0.6054695767195767 0.5922850529100528 0.05310185185185186 0.045958994708994706
1 0.44116071428571424 0.641114417989418 0.042083333333333334 0.05243055555555556
1 0.3759755291005291 0.7602546296296298 0.04858465608465608 0.04653769841269841
1 0.6162103174603175 0.5205092592592593 0.06573412698412698 0.051666666666666666
1 0.5107407407407407 0.48901455026455026 0.05212301587301588 0.047791005291005294