3 0.5385747354497354 0.48071428571428576 0.05664021164021164 0.06426917989417989
3 0.7416997354497354 0.53125 0.07147156084656084 0.05834986772486772
3 0.2578141534391534 0.5185548941798942 0.06634589947089947 0.05780092592592592
3 0.5375992063492063 0.2069080687830688 0.06198082010582011 0.061646825396825394
3 0.7382804232804233 0.3417956349206349 0.07287698412698412 0.07318121693121693
3 0.8344742063492063 0.6503902116402116 0.0784920634920635 0.06439153439153439
3 0.3657242063492064 0.2949206349206349 0.048035714285714286 0.03759920634920635
3 0.703614417989418 0.2215575396825397 0.06634589947089947 0.06512566137566138
3 0.5585945767195767 0.7158201058201058 0.06198082010582011 0.07055555555555557
3 0.874510582010582 0.25683531746031746 0.08569444444444443 0.07159391534391535
3 0.2331547619047619 0.3095701058201058 0.06805555555555556 0.06732142857142857
3 0.38110449735449736 0.484864417989418 0.05987433862433862 0.0630489417989418