1 0.6635747354497354 0.546385582010582 0.046385582010582016 0.044189814814814814
1 0.6992195767195767 0.5034193121693121 0.04858465608465608 0.03833002645502646
1 0.5678703703703704 0.5390641534391535 0.048310185185185185 0.04409722222222222
1 0.43310515873015876 0.4260251322751323 0.039702380952380954 0.047791005291005294
1 0.3500992063492064 0.47314484126984124 0.046815476190476185 0.0467228835978836
1 0.5717757936507937 0.38696428571428576 0.0467228835978836 0.04950066137566138
1 0.5034193121693121 0.5200198412698412 0.042328042328042326 0.049589947089947094
1 0.5175793650793651 0.36401455026455026 0.04061838624338624 0.0453505291005291
1 0.6923842592592593 0.4660648148148149 0.04876653439153439 0.042480158730158736
1 0.45703042328042326 0.3603505291005291 0.04611111111111111 0.046385582010582016
1 0.6547850529100528 0.49707010582010586 0.046478174603174605 0.051666666666666666
1 0.3715806878306879 0.4020998677248677 0.04476851851851852 0.03881944444444445
1 0.4013657407407408 0.686035052910053 0.0483994708994709 0.0483994708994709
1 0.47265542328042326 0.6577149470899472 0.046296296296296294 0.03759920634920635
1 0.6772453703703704 0.4226058201058201 0.054292328042328045 0.043945105820105815
1 0.7421891534391535 0.3833002645502645 0.04428240740740741 0.04345568783068783