0 0.47493386243386243 0.6147470238095237 0.06526785714285714 0.046721230158730157
0 0.5563161375661375 0.6044915674603174 0.06135912698412699 0.044097222222222225
0 0.4192724867724868 0.5864260912698412 0.05354828042328043 0.036622023809523806
0 0.5455720899470899 0.44946180555555554 0.03369047619047619 0.030441468253968252
0 0.578125 0.5541989087301588 0.04329365079365079 0.03320436507936508
0 0.6191402116402116 0.5810540674603174 0.03792328042328043 0.033722718253968255
0 0.5263657407407407 0.5068353174603174 0.05664021164021164 0.04840029761904762
0 0.42578042328042326 0.5043948412698412 0.04496362433862434 0.03283730158730159
0 0.6442063492063492 0.5073239087301588 0.04496362433862434 0.03234871031746032
0 0.48144510582010586 0.51953125 0.037556216931216926 0.03277529761904762
0 0.5113921957671957 0.5605481150793651 0.03428240740740741 0.03179811507936508
0 0.4475925925925926 0.6684573412698412 0.03678240740740741 0.026458333333333334
0 0.5917956349206349 0.48706101190476186 0.0412797619047619 0.030791170634920637