3 0.6041666666666666 0.3535168650793651 0.04931547619047619 0.04303075396825397
3 0.5153009259259259 0.5419915674603174 0.04659060846560846 0.0394890873015873
3 0.3795568783068783 0.6376959325396826 0.049480820105820104 0.044677579365079365
3 0.5013029100529101 0.8076165674603174 0.05334325396825397 0.03698660714285714
3 0.41438822751322746 0.25854414682539684 0.05708664021164021 0.043365575396825395
3 0.6979166666666666 0.5078125 0.05061838624338624 0.034241071428571426
3 0.2613921957671958 0.7236334325396826 0.06823743386243386 0.043608630952380954
3 0.37337301587301586 0.39916914682539684 0.05326388888888889 0.043365575396825395
3 0.6302083333333334 0.8178720238095237 0.04223544973544974 0.046202876984126985
3 0.5273445767195767 0.16699156746031746 0.07694444444444444 0.06243799603174603
3 0.6129563492063492 0.4487301587301587 0.05053571428571428 0.038390376984126985
3 0.6481117724867725 0.6469717261904763 0.061970899470899475 0.04733382936507936