3 0.6923834325396826 0.6175132275132275 0.04949900793650794 0.0587962962962963
3 0.42602430555555554 0.4934887566137566 0.04601934523809524 0.05485119047619048
3 0.4001463293650794 0.32373015873015876 0.044434523809523806 0.06746362433862434
3 0.7514657738095237 0.37109457671957674 0.051666666666666666 0.05558201058201059
3 0.30566468253968254 0.3805324074074074 0.04611111111111111 0.06502314814814815
3 0.6137698412698412 0.23063161375661373 0.047790178571428574 0.059814814814814814
3 0.5541989087301588 0.6679695767195767 0.04217509920634921 0.06599867724867725
3 0.5883779761904763 0.41959656084656083 0.05212301587301587 0.0507010582010582
3 0.6357415674603174 0.33789021164021166 0.043122519841269843 0.06323082010582011
3 0.4782713293650794 0.7558597883597883 0.05041418650793651 0.06697751322751322
3 0.47973710317460316 0.312010582010582 0.04492311507936508 0.05603174603174603
3 0.5874032738095237 0.5589186507936508 0.04272569444444445 0.05395502645502646
3 0.5458978174603174 0.8307308201058201 0.046294642857142854 0.058267195767195766
3 0.32275297619047616 0.7591137566137566 0.04760664682539682 0.07666005291005291
3 0.5512698412698412 0.7773445767195767 0.048308531746031745 0.06624338624338624