1 0.5512698412698412 0.5136706349206349 0.045195105820105816 0.05340608465608466
1 0.47998015873015876 0.5048842592592593 0.04351851851851852 0.04177910052910053
1 0.5825198412698412 0.4394543650793651 0.04708994708994709 0.051451719576719575
1 0.5380853174603175 0.4340806878306879 0.048859126984126984 0.05081018518518519
1 0.44995039682539684 0.5898445767195767 0.04302910052910053 0.052519841269841265
1 0.5854497354497354 0.6328141534391535 0.04336640211640211 0.05654761904761905
1 0.5444345238095237 0.5815443121693121 0.051451719576719575 0.04922619047619048
1 0.42480489417989414 0.5405257936507937 0.04931547619047619 0.051177248677248675
1 0.7128902116402117 0.5415046296296296 0.05603174603174603 0.036620370370370366
1 0.5727546296296296 0.3579100529100529 0.04428240740740741 0.05310185185185186
1 0.640625 0.4211441798941799 0.0474239417989418 0.05954034391534392
1 0.47485449735449736 0.4382308201058201 0.05889880952380953 0.046021825396825394
1 0.7568353174603175 0.4506845238095238 0.05389550264550264 0.04443452380952381
1 0.7114252645502646 0.4990244708994709 0.05398478835978836 0.051451719576719575