2 0.35620039682539684 0.6499007936507937 0.05889880952380953 0.06695436507936509
2 0.8071296296296298 0.5356448412698412 0.07006944444444443 0.05780092592592592
2 0.7114252645502646 0.6337896825396825 0.0635978835978836 0.07031415343915344
2 0.40087962962962964 0.49780423280423275 0.055115740740740736 0.06524801587301587
2 0.5356448412698412 0.4323743386243386 0.06548941798941799 0.05706679894179894
2 0.4750992063492064 0.688475529100529 0.061309523809523814 0.06536706349206349
2 0.6552744708994709 0.7583002645502646 0.05572420634920634 0.06768849206349206
2 0.7519543650793651 0.7324206349206349 0.06878637566137566 0.07019179894179894
2 0.36816468253968254 0.764649470899471 0.06634589947089947 0.0759887566137566
2 0.5395502645502646 0.735839947089947 0.06622354497354498 0.06198082010582011
2 0.1369642857142857 0.6474603174603175 0.07147156084656084 0.06963955026455027
2 0.7705092592592593 0.3864748677248677 0.05865410052910053 0.07134920634920634
2 0.7597652116402117 0.3132308201058201 0.05954034391534392 0.05664021164021164