2 0.5527347883597884 0.4880324074074074 0.05706679894179894 0.05300925925925926
2 0.39941468253968254 0.5351554232804233 0.05593915343915344 0.05603174603174603
2 0.5283201058201058 0.4135747354497355 0.05844246031746032 0.051269841269841264
2 0.38183531746031746 0.41308531746031746 0.05780092592592592 0.061309523809523814
2 0.43872023809523814 0.5048842592592593 0.060853174603174603 0.05468915343915344
2 0.6645502645502646 0.5844742063492063 0.06384259259259259 0.05541997354497354
2 0.3977050264550265 0.671875 0.05603174603174603 0.05520502645502645
2 0.4245601851851851 0.44946428571428576 0.06805555555555556 0.0630489417989418
2 0.4467757936507936 0.6137698412698412 0.0635978835978836 0.05996693121693122
2 0.6489252645502646 0.687010582010582 0.06536706349206349 0.06008928571428572
2 0.796875 0.6196296296296296 0.06573412698412698 0.05889880952380953
2 0.7753902116402117 0.6845701058201058 0.05996693121693122 0.05261243386243386
2 0.4375 0.7382804232804233 0.0628042328042328 0.062225529100529094
2 0.6147453703703704 0.5341798941798942 0.054596560846560845 0.057923280423280425
2 0.780760582010582 0.7441402116402117 0.05822751322751323 0.05358796296296297
2 0.3217757936507936 0.20104828042328043 0.05032407407407408 0.04968253968253968