3 0.7153306878306878 0.38085978835978834 0.05529761904761905 0.05090277777777778
3 0.33544973544973544 0.5219742063492063 0.06536706349206349 0.061524470899470905
3 0.34057539682539684 0.3154298941798942 0.06927579365079366 0.062440476190476185
3 0.593260582010582 0.5712896825396825 0.06646825396825397 0.06671296296296296
3 0.5092757936507937 0.47631944444444446 0.06548941798941799 0.05728174603174603
3 0.6674801587301588 0.5219742063492063 0.06890873015873016 0.05654761904761905
3 0.4233399470899471 0.4169907407407408 0.06176917989417989 0.05932539682539683
3 0.5478505291005291 0.31933531746031746 0.07067791005291005 0.06488095238095237
3 0.48974537037037036 0.6835945767195767 0.07489087301587302 0.07226521164021164
3 0.6049801587301588 0.4907242063492064 0.05291666666666667 0.06805555555555556
3 0.7456051587301588 0.6435548941798942 0.07489087301587302 0.07989417989417989
3 0.5200198412698412 0.5820304232804233 0.06585648148148149 0.06255952380952381