2 0.48217923280423275 0.5112301587301588 0.05899140211640211 0.061646825396825394
2 0.27807539682539684 0.42651455026455026 0.05108796296296297 0.05331349206349206
2 0.2756349206349206 0.6069345238095237 0.06732142857142857 0.059751984126984126
2 0.3471693121693121 0.6005853174603175 0.05941798941798942 0.05911375661375661
2 0.6303703703703704 0.48315476190476186 0.06671296296296296 0.05603174603174603
2 0.5170899470899472 0.4035648148148149 0.05499338624338625 0.05468915343915344
2 0.5810548941798942 0.5112301587301588 0.05389550264550264 0.05212301587301588
2 0.7719742063492063 0.5537103174603175 0.05520502645502645 0.05023148148148148
2 0.04321428571428572 0.4460449735449735 0.07006944444444443 0.05911375661375661
2 0.1994642857142857 0.6440443121693121 0.07226521164021164 0.06634589947089947
2 0.6542956349206349 0.5551752645502646 0.06475859788359789 0.05072089947089947
2 0.5688492063492063 0.6445304232804233 0.05340608465608466 0.0629265873015873
2 0.7832043650793651 0.483885582010582 0.07708664021164022 0.060515873015873016
2 0.938475529100529 0.5859391534391535 0.06841931216931217 0.05844246031746032
2 0.5815443121693121 0.34497023809523814 0.06512566137566138 0.05706679894179894
2 0.7407242063492063 0.6147453703703704 0.06793320105820105 0.05822751322751323
2 0.7597652116402117 0.6943353174603175 0.06536706349206349 0.06255952380952381
2 0.4460449735449735 0.2318121693121693 0.059751984126984126 0.05603174603174603
2 0.7744146825396825 0.3386243386243386 0.05490079365079365 0.05480820105820106