3 0.48502645502645503 0.22827132936507935 0.05285714285714286 0.053802083333333334
3 0.6028637566137566 0.24475198412698412 0.06673280423280424 0.05126984126984127
3 0.5205092592592593 0.48413194444444446 0.06774801587301588 0.03985615079365079
3 0.5566402116402116 0.3081051587301587 0.06587632275132276 0.05920386904761905
3 0.5621759259259259 0.37890625 0.055909391534391534 0.046294642857142854
3 0.2757175925925926 0.5791021825396826 0.07389219576719576 0.05813492063492064
3 0.5820304232804233 0.4707043650793651 0.055502645502645505 0.04492311507936508
3 0.6168617724867725 0.5390625 0.05175925925925926 0.04376240079365079
3 0.44921957671957674 0.7470709325396826 0.06071097883597884 0.056121031746031745
3 0.6279298941798942 0.3627926587301587 0.06746362433862434 0.05108630952380952
3 0.4908862433862434 0.5239260912698412 0.06762566137566138 0.043365575396825395
3 0.6184887566137566 0.6376959325396826 0.06001653439153439 0.04272569444444445
3 0.5009755291005291 0.5859375 0.06624338624338624 0.04248015873015873