1 0.24922619047619046 0.42070105820105824 0.03179811507936508 0.04724867724867725
1 0.6469717261904763 0.18261574074074075 0.03228670634920635 0.048379629629629634
1 0.8496106150793651 0.37207010582010586 0.038390376984126985 0.042397486772486774
1 0.5800793650793651 0.31184854497354497 0.03747519841269841 0.0482175925925926
1 0.5014657738095238 0.22249338624338627 0.03488095238095238 0.03877645502645503
1 0.8144543650793651 0.41959656084656083 0.04296875 0.044636243386243384
1 0.5239260912698412 0.2719742063492064 0.036071428571428574 0.047648809523809524
1 0.46191468253968254 0.5520833333333334 0.03198164682539682 0.04050595238095238
1 0.7680654761904763 0.46256613756613757 0.03704861111111111 0.052083333333333336
1 0.5053720238095238 0.48372354497354497 0.030151289682539682 0.03871693121693122
1 0.4082043650793651 0.8346362433862434 0.035736607142857146 0.06091269841269841
1 0.5791021825396826 0.23144510582010583 0.03149305555555556 0.041911375661375656
1 0.41039930555555554 0.6022123015873015 0.041840277777777775 0.046345899470899475
1 0.5776364087301588 0.5582671957671957 0.038908730158730157 0.04321428571428572
1 0.5341790674603174 0.5133465608465608 0.030379464285714284 0.051107804232804234
1 0.4748536706349206 0.6031911375661375 0.03234871031746032 0.0587962962962963
1 0.5693353174603174 0.6015641534391535 0.03643849206349206 0.04968253968253968
1 0.48803819444444446 0.28889880952380953 0.03021329365079365 0.04581679894179894
1 0.6474603174603174 0.16894510582010583 0.02365079365079365 0.01949074074074074