1 0.4643551587301587 0.5195304232804233 0.03704861111111111 0.0482175925925926
1 0.6821279761904763 0.6461574074074075 0.03881944444444445 0.04337632275132275
1 0.5346676587301588 0.5003240740740741 0.03527777777777778 0.04573412698412699
1 0.6098635912698412 0.5751951058201058 0.03979414682539682 0.05033399470899471
1 0.5913095238095237 0.4707043650793651 0.03302083333333333 0.05305886243386243
1 0.6538095238095237 0.5143220899470899 0.04327380952380952 0.0507010582010582
1 0.7211904761904763 0.46061177248677254 0.040771329365079365 0.04895171957671958
1 0.6030282738095237 0.5188789682539682 0.042388392857142854 0.04793320105820106
1 0.4943849206349206 0.5563161375661375 0.03488095238095238 0.04903108465608466
1 0.5556646825396826 0.4309887566137566 0.03567460317460318 0.041524470899470894
1 0.5751959325396826 0.5530588624338625 0.03860367063492064 0.05611111111111111