2 0.6215823412698412 0.6585284391534392 0.04867559523809523 0.08219246031746032
2 0.4431150793650794 0.7519543650793651 0.056121031746031745 0.08927248677248677
2 0.5615228174603174 0.578776455026455 0.05966269841269841 0.0719808201058201
2 0.7006845238095237 0.6276058201058201 0.05865575396825397 0.06860449735449736
2 0.5224603174603174 0.4833994708994709 0.051941964285714286 0.0694973544973545
2 0.36743055555555554 0.4635416666666667 0.06359871031746032 0.07214285714285715
2 0.32690476190476186 0.3636078042328042 0.06198164682539682 0.07173611111111111
2 0.5615228174603174 0.7799470899470899 0.060853174603174603 0.08308862433862434
2 0.35424851190476186 0.5921230158730159 0.05398561507936508 0.08430886243386243
2 0.31005952380952384 0.6533201058201058 0.06323164682539682 0.07470568783068783
2 0.7036135912698412 0.421875 0.05645833333333333 0.06888888888888889
2 0.5615228174603174 0.4264318783068783 0.054107142857142854 0.07470568783068783
2 0.8183606150793651 0.6933597883597883 0.06347718253968254 0.08845899470899471
2 0.4826661706349206 0.4267592592592592 0.05749503968253968 0.07625330687830688
2 0.2912599206349206 0.5507804232804233 0.06671130952380953 0.08203042328042329
2 0.59765625 0.4733068783068783 0.06347718253968254 0.08084986772486773
2 0.5493154761904763 0.34667989417989414 0.05450396825396825 0.08190806878306878
2 0.45947172619047616 0.31559193121693124 0.05624503968253968 0.07511243386243385