1 0.5683606150793651 0.4420568783068783 0.03942956349206349 0.04557208994708995
1 0.5234375 0.4733068783068783 0.04046626984126984 0.04573412698412699
1 0.48144593253968254 0.48274801587301586 0.0371999007936508 0.05716931216931217
1 0.45996031746031746 0.5338558201058201 0.042083333333333334 0.06823743386243386
1 0.5073239087301588 0.6181646825396825 0.04162698412698413 0.05578703703703703
1 0.6298834325396826 0.45573082010582017 0.0390625 0.04830026455026455
1 0.5336904761904763 0.5494808201058201 0.0409250992063492 0.07348544973544974
1 0.4743650793650794 0.38216269841269845 0.038117559523809526 0.05485119047619048
1 0.5278323412698412 0.4309887566137566 0.04345734126984127 0.04581679894179894
1 0.5844717261904763 0.5159490740740741 0.03918402777777778 0.06441137566137566
1 0.5502926587301588 0.390625 0.04113839285714286 0.05245039682539683
1 0.4470213293650794 0.3434259259259259 0.04351686507936508 0.046752645502645504
1 0.36059523809523814 0.4319675925925926 0.04345734126984127 0.05354828042328043
1 0.7666021825396826 0.5234391534391535 0.04510416666666667 0.049966931216931215