0 0.4450545634920635 0.5994742063492063 0.03625992063492063 0.061524470899470905
0 0.5141592261904763 0.5166005291005291 0.04272569444444445 0.060261243386243384
0 0.5786135912698412 0.40787698412698414 0.031081349206349206 0.03540013227513227
0 0.6416021825396826 0.5068353174603175 0.027633928571428573 0.04005952380952381
0 0.578125 0.5172519841269841 0.03704861111111111 0.043783068783068785
0 0.6396478174603174 0.45377645502645503 0.03210565476190476 0.045208333333333336
0 0.6201165674603174 0.5091137566137566 0.027373511904761907 0.043945105820105815
0 0.6284176587301588 0.5804034391534392 0.0528249007936508 0.06465608465608466
0 0.54296875 0.44563822751322746 0.04321180555555555 0.05485119047619048
0 0.5825198412698412 0.4586574074074074 0.03601190476190476 0.0526521164021164
0 0.5122073412698412 0.4270833333333333 0.0450124007936508 0.06787037037037037
0 0.41528273809523814 0.47819113756613757 0.06781001984126984 0.07694444444444444