0 0.3742691798941799 0.6762698412698412 0.04400793650793651 0.0486739417989418
0 0.5878902116402116 0.6621097883597884 0.05865410052910053 0.06561177248677248
0 0.47680555555555554 0.6752943121693121 0.04147486772486773 0.04492063492063492
0 0.6699206349206349 0.6054695767195767 0.04361111111111111 0.05136243386243386
0 0.4245601851851851 0.5512698412698412 0.051269841269841264 0.051451719576719575
0 0.5712896825396825 0.5356448412698412 0.05603174603174603 0.06255952380952381
0 0.4929199735449735 0.7617195767195767 0.0308531746031746 0.03683531746031746
0 0.4677744708994709 0.4296891534391535 0.060853174603174603 0.07305886243386243
0 0.30664021164021166 0.5703141534391535 0.038697089947089945 0.042572751322751325
0 0.5659193121693121 0.35498015873015876 0.03408730158730159 0.04370039682539683
0 0.6274404761904763 0.48120039682539684 0.048859126984126984 0.04385251322751323
0 0.4982903439153439 0.3457043650793651 0.039702380952380954 0.04025132275132275
0 0.5131845238095237 0.5903306878306879 0.051941137566137566 0.047149470899470906
0 0.4750992063492064 0.5219742063492063 0.06744378306878307 0.06451388888888888
0 0.7070304232804233 0.4069808201058201 0.05136243386243386 0.04016203703703704
0 0.3217757936507936 0.5981448412698412 0.07367063492063491 0.10266203703703704