1 0.7548834325396826 0.5029298941798942 0.04663194444444445 0.04666997354497354
1 0.578125 0.6057936507936508 0.036284722222222225 0.058022486772486774
1 0.7402356150793651 0.19726521164021163 0.030625 0.05375
1 0.6689459325396826 0.4348974867724868 0.04107638888888889 0.0430489417989418
1 0.6738293650793651 0.5384126984126985 0.040528273809523806 0.04362103174603175
1 0.5502926587301588 0.4580092592592592 0.03396577380952381 0.040671296296296296
1 0.51953125 0.49772156084656083 0.03408730158730159 0.05716931216931217
1 0.6586904761904763 0.5784490740740741 0.04394593253968254 0.04573412698412699
1 0.4174801587301587 0.16878306878306878 0.03704861111111111 0.06624338624338624
1 0.6220709325396826 0.40787698412698414 0.03588789682539682 0.04044642857142857
1 0.38037202380952384 0.8320304232804233 0.04452628968253968 0.061279761904761906
1 0.48120039682539684 0.6077480158730159 0.041321924603174603 0.04959986772486773
1 0.6728521825396826 0.39225198412698414 0.0394890873015873 0.04496362433862434