2 0.40551835317460316 0.5904960317460318 0.05126984126984127 0.07482804232804233
2 0.6635739087301588 0.734375 0.05865575396825397 0.07470568783068783
2 0.5458978174603174 0.3028968253968254 0.04272569444444445 0.053670634920634924
2 0.5791021825396826 0.5904960317460318 0.048125 0.06539021164021164
2 0.40258680555555554 0.7675793650793651 0.04690476190476191 0.08430886243386243
2 0.6020510912698412 0.5133465608465608 0.05126984126984127 0.07080026455026454
2 0.7758779761904763 0.44140542328042326 0.05932539682539682 0.07161375661375662
2 0.6884771825396826 0.4511706349206349 0.04699652777777778 0.05558201058201059
2 0.7192385912698412 0.5042328042328043 0.059754464285714286 0.07413690476190476
2 0.5180654761904763 0.5035813492063492 0.0499578373015873 0.059447751322751326
2 0.5805654761904763 0.41601521164021166 0.0565500992063492 0.06811507936507936
2 0.5327157738095237 0.43587301587301586 0.05340525793650794 0.07678240740740741
2 0.6386731150793651 0.4528009259259259 0.04663194444444445 0.07120701058201058