1 0.6435548941798942 0.47827050264550264 0.03726190476190477 0.036772486772486776
1 0.5278306878306879 0.3552248677248677 0.03710978835978836 0.042480158730158736
1 0.5566402116402116 0.5229497354497354 0.036894841269841265 0.03549272486772487
1 0.312255291005291 0.5693353174603175 0.05490079365079365 0.04760582010582011
1 0.7753902116402117 0.5859391534391535 0.05041666666666667 0.04586640211640211
1 0.7114252645502646 0.5136706349206349 0.036772486772486776 0.04009920634920635
1 0.47900462962962964 0.5424801587301588 0.03949074074074074 0.04501322751322751
1 0.5791005291005291 0.45092923280423275 0.04281746031746032 0.04083333333333333
1 0.47094576719576725 0.4943849206349206 0.0474239417989418 0.042083333333333334
1 0.46411044973544974 0.45751984126984124 0.048859126984126984 0.038697089947089945
1 0.6816402116402117 0.453369708994709 0.046021825396825394 0.038177910052910054