3 0.4086904761904762 0.6313492063492063 0.059751984126984126 0.06805555555555556
2 0.5019543650793651 0.6186507936507937 0.06622354497354498 0.056855158730158735
2 0.46118055555555554 0.5122056878306879 0.0628042328042328 0.05560185185185185
2 0.4516600529100529 0.6728505291005291 0.05645833333333333 0.06420965608465608
2 0.47631944444444446 0.5571296296296296 0.059751984126984126 0.05468915343915344
2 0.5219742063492063 0.5224603174603175 0.06683201058201058 0.06829695767195768
2 0.3586441798941799 0.6523445767195767 0.05154431216931217 0.05954034391534392
2 0.47753968253968254 0.4453141534391535 0.062103174603174605 0.05654761904761905
2 0.655760582010582 0.500489417989418 0.05728174603174603 0.057708333333333334
2 0.6640641534391535 0.4147949735449735 0.05593915343915344 0.05954034391534392
2 0.41870039682539684 0.4479993386243386 0.05954034391534392 0.04950066137566138
2 0.3195800264550264 0.5009755291005291 0.05856481481481481 0.051177248677248675
2 0.6835945767195767 0.36694444444444446 0.05966269841269841 0.051941137566137566
2 0.4475099206349206 0.4072255291005291 0.05389550264550264 0.05706679894179894
2 0.578614417989418 0.7138657407407407 0.056335978835978844 0.06512566137566138
2 0.5561507936507937 0.4743650793650794 0.08361772486772487 0.06231812169312169
2 0.3586441798941799 0.33496031746031746 0.05212301587301588 0.054292328042328045
2 0.671385582010582 0.312744708994709 0.05966269841269841 0.051666666666666666