1 0.43530423280423275 0.6000992063492063 0.03796296296296296 0.03775132275132275
1 0.47900462962962964 0.3913558201058201 0.04031415343915344 0.03469907407407408
1 0.44848544973544974 0.4028306878306879 0.03567460317460317 0.03125
1 0.5185548941798942 0.375489417989418 0.03366071428571429 0.036620370370370366
1 0.6435548941798942 0.4538558201058201 0.04083333333333333 0.03527777777777778
1 0.7221693121693122 0.4899900793650794 0.04321428571428572 0.04147486772486773
1 0.719725529100529 0.3322751322751323 0.04434193121693122 0.04131944444444444
1 0.16271825396825396 0.687989417989418 0.05331349206349206 0.04370039682539683
1 0.6904298941798942 0.4077149470899471 0.03875661375661376 0.03875661375661376
1 0.640625 0.422364417989418 0.04501322751322751 0.029814814814814815
1 0.49047949735449736 0.3510747354497355 0.031081349206349206 0.051269841269841264
1 0.6738293650793651 0.5883796296296296 0.046997354497354496 0.04788359788359789
1 0.6450198412698412 0.3154298941798942 0.044189814814814814 0.039947089947089946
1 0.7460945767195767 0.5771494708994709 0.039947089947089946 0.04138227513227513