1 0.6074206349206349 0.6142592592592593 0.045195105820105816 0.04052579365079365
1 0.5527347883597884 0.4711904761904762 0.04931547619047619 0.04376322751322752
1 0.5146494708994709 0.6752943121693121 0.040009920634920634 0.0486739417989418
1 0.3090806878306878 0.33642526455026456 0.054292328042328045 0.04653769841269841
1 0.4975595238095238 0.44628968253968254 0.04510582010582011 0.04131944444444444
1 0.32934523809523814 0.46752976190476186 0.047149470899470906 0.040009920634920634
1 0.3488756613756614 0.6982407407407407 0.04760582010582011 0.04968253968253968
1 0.453369708994709 0.5024404761904763 0.04361111111111111 0.03823743386243386
1 0.33715939153439156 0.578614417989418 0.04113756613756614 0.0476984126984127
1 0.3828141534391535 0.5009755291005291 0.05041666666666667 0.04385251322751323
1 0.3666997354497355 0.358885582010582 0.05441137566137566 0.04296957671957672
1 0.39599537037037036 0.44873015873015876 0.051451719576719575 0.04977513227513228
1 0.7944345238095237 0.5107407407407407 0.04858465608465608 0.05389550264550264