3 0.2504885912698413 0.5605456349206349 0.042814980158730157 0.05603174603174603
3 0.7099603174603174 0.36328042328042326 0.04025297619047619 0.05436177248677248
3 0.6264657738095237 0.3815112433862434 0.044188988095238094 0.05578703703703703
3 0.6293948412698412 0.5302744708994709 0.04760664682539682 0.057291666666666664
3 0.7529290674603174 0.48762896825396823 0.04559275793650794 0.06428902116402116
3 0.42285218253968254 0.49381613756613757 0.04922371031746032 0.06587632275132276
3 0.7543948412698412 0.7076818783068783 0.05071924603174603 0.06872685185185186
3 0.6435540674603174 0.6442063492063492 0.03881944444444445 0.06058862433862434
3 0.5712896825396826 0.4319675925925926 0.05419890873015873 0.057291666666666664
3 0.4787599206349206 0.2540674603174603 0.03927579365079365 0.05053571428571428
3 0.4018551587301587 0.6985681216931217 0.03955109126984127 0.056233465608465615
3 0.49096726190476186 0.8007804232804233 0.039702380952380954 0.07649801587301587
3 0.4709474206349206 0.5107407407407407 0.04009920634920635 0.058267195767195766