1 0.41967923280423275 0.6225595238095237 0.05593915343915344 0.05468915343915344
1 0.5454100529100528 0.6376951058201058 0.05920304232804233 0.057189153439153435
1 0.7055654761904763 0.5737301587301588 0.05419973544973545 0.05856481481481481
1 0.32934523809523814 0.5908201058201058 0.05920304232804233 0.057189153439153435
1 0.6127943121693121 0.4389649470899471 0.05856481481481481 0.05697751322751323
1 0.453614417989418 0.5810548941798942 0.05349867724867725 0.05813492063492064
1 0.5551752645502646 0.4245601851851851 0.049589947089947094 0.05889880952380953
1 0.6655257936507937 0.5224603174603175 0.05541997354497354 0.06597883597883598
1 0.5625 0.5336904761904763 0.05911375661375661 0.06311177248677248
1 0.8164054232804233 0.46435515873015876 0.05676256613756614 0.062103174603174605
1 0.45703042328042326 0.3916005291005291 0.05813492063492064 0.06695436507936509
1 0.7446296296296298 0.49609457671957674 0.05081018518518519 0.05551256613756614
1 0.5815443121693121 0.3774404761904762 0.06695436507936509 0.05468915343915344
1 0.35815476190476186 0.375 0.05349867724867725 0.06255952380952381
1 0.4162599206349206 0.5410152116402116 0.05041666666666667 0.04476851851851852
1 0.4445800264550265 0.4504398148148149 0.05175925925925926 0.05889880952380953
1 0.4885251322751323 0.5566402116402116 0.05243055555555556 0.06426917989417989
1 0.6147453703703704 0.5166005291005291 0.05645833333333333 0.06231812169312169