2 0.5375967261904763 0.6640641534391535 0.05331349206349206 0.08528769841269843
2 0.45556547619047616 0.6627612433862434 0.05358878968253968 0.08447420634920634
2 0.34082093253968254 0.6136078042328043 0.05032242063492064 0.07568452380952381
2 0.6923834325396826 0.5576157407407407 0.05676339285714286 0.07499338624338624
2 0.6386731150793651 0.6565740740740741 0.06176835317460318 0.0733234126984127
2 0.40210069444444446 0.5872387566137566 0.0559375 0.08341600529100529
2 0.4553224206349206 0.5664054232804233 0.05889880952380952 0.07185846560846561
2 0.5444345238095237 0.4824206349206349 0.05572420634920635 0.07625330687830688
2 0.3068849206349206 0.6953141534391535 0.062103174603174605 0.07568452380952381
2 0.45239335317460316 0.49251322751322746 0.05529761904761905 0.07637566137566137
2 0.69140625 0.7057308201058201 0.06439236111111112 0.08264219576719577
2 0.31762648809523814 0.7623710317460317 0.060515873015873016 0.07185846560846561
2 0.6650396825396826 0.3457043650793651 0.060302579365079365 0.06774801587301588
2 0.7705084325396826 0.5237632275132275 0.06549107142857143 0.10099206349206348
2 0.7412103174603174 0.6578769841269841 0.06890873015873016 0.07580687830687831
2 0.4838864087301587 0.3278009259259259 0.05108630952380952 0.08878637566137566
2 0.8095709325396826 0.7408862433862434 0.06964037698412699 0.09358796296296296
2 0.24377480158730158 0.7897123015873017 0.0703125 0.08113756613756615
2 0.42871031746031746 0.2779960317460317 0.05185019841269841 0.07373015873015873
2 0.5151364087301588 0.23730489417989417 0.05154513888888889 0.08056547619047619