1 0.8159193121693122 0.41015542328042326 0.03833002645502646 0.04031415343915344
1 0.25439484126984124 0.500489417989418 0.04147486772486773 0.04467923280423281
1 0.6601554232804233 0.3833002645502645 0.041838624338624335 0.045439814814814815
1 0.5551752645502646 0.5239252645502646 0.03964285714285714 0.04037367724867725
1 0.5986342592592593 0.29296957671957674 0.03482142857142857 0.041838624338624335
1 0.6225595238095237 0.6684556878306879 0.042083333333333334 0.05081018518518519
1 0.6704100529100528 0.515625 0.036894841269841265 0.03186177248677249
1 0.5556646825396825 0.4851058201058201 0.03549272486772487 0.039427910052910055
1 0.7114252645502646 0.3657242063492064 0.038115079365079366 0.041838624338624335
1 0.48046957671957674 0.5625 0.039947089947089946 0.049864417989417986
1 0.5297850529100528 0.5737301587301588 0.041534391534391535 0.042328042328042326
1 0.6972652116402117 0.45019510582010586 0.045439814814814815 0.03469907407407408
1 0.5283201058201058 0.46289021164021166 0.036011904761904766 0.03796296296296296
1 0.4877943121693121 0.469239417989418 0.039947089947089946 0.041838624338624335
1 0.5917956349206349 0.45605489417989414 0.04476851851851852 0.04193121693121693
1 0.9560548941798942 0.9755853174603175 0.04858465608465608 0.040985449735449736
1 0.7094742063492063 0.9948082010582011 0.028382936507936506 0.010383597883597884
1 0.8374007936507937 0.9863293650793651 0.038908730158730157 0.019454365079365078
1 0.7089847883597883 0.9873048941798942 0.02670304232804233 0.01646494708994709