3 0.22558531746031746 0.3176256613756614 0.05932539682539683 0.07305886243386243
3 0.6147453703703704 0.3806150793650794 0.0630489417989418 0.06268187830687831
3 0.33569444444444446 0.20422288359788363 0.06439153439153439 0.06536706349206349
3 0.38378968253968254 0.374510582010582 0.06420965608465608 0.05987433862433862
3 0.484130291005291 0.3032242063492064 0.059751984126984126 0.05996693121693122
3 0.5683597883597884 0.25170965608465606 0.06143187830687831 0.06939814814814815
3 0.686524470899471 0.42944444444444446 0.06255952380952381 0.046815476190476185
3 0.4296891534391535 0.6230456349206349 0.05758597883597883 0.07519510582010581
3 0.7167956349206349 0.5810548941798942 0.05758597883597883 0.052705026455026456
3 0.890135582010582 0.3486342592592592 0.07080026455026454 0.054292328042328045
3 0.5795899470899472 0.5253902116402116 0.06109457671957672 0.07367063492063491
3 0.6904298941798942 0.23095568783068782 0.05780092592592592 0.05856481481481481