1 0.6025396825396825 0.5820304232804233 0.04611111111111111 0.042572751322751325
1 0.734864417989418 0.4973148148148149 0.04467923280423281 0.042876984126984125
1 0.6376951058201058 0.6000992063492063 0.042480158730158736 0.041230158730158735
1 0.766600529100529 0.5190443121693121 0.04345568783068783 0.048859126984126984
1 0.7866203703703702 0.577635582010582 0.046630291005291 0.04162698412698412
1 0.6513657407407407 0.4858399470899471 0.05593915343915344 0.04138227513227513
1 0.6987301587301588 0.4582506613756614 0.05184854497354497 0.04586640211640211
1 0.5288095238095237 0.6816402116402117 0.05184854497354497 0.05243055555555556
1 0.5068353174603175 0.39672949735449736 0.03927579365079365 0.046021825396825394
1 0.44433531746031746 0.3879398148148149 0.04345568783068783 0.047149470899470906
1 0.5927744708994709 0.4350595238095238 0.04223544973544974 0.04895171957671958
1 0.47973544973544974 0.36547949735449736 0.0467228835978836 0.05032407407407408
1 0.6494146825396825 0.4460449735449735 0.05966269841269841 0.04238756613756614