1 0.8577050264550264 0.22713045634920634 0.039738756613756615 0.032829861111111115
3 0.7952050264550264 0.6418625992063491 0.08840608465608465 0.050721726190476185
1 0.6466435185185185 0.8789335317460317 0.03571428571428571 0.03601190476190476
3 0.799484126984127 0.8031522817460317 0.06508597883597883 0.049169146825396824
0 0.66051917989418 0.6888963293650794 0.06700727513227513 0.05844494047619048
1 0.5988227513227513 0.8097941468253969 0.04280092592592593 0.03588541666666666
2 0.44465277777777784 0.8060863095238094 0.06036706349206349 0.0510515873015873
2 0.3558730158730159 0.6771155753968254 0.06523809523809523 0.045505952380952376
0 0.5110019841269842 0.5965252976190476 0.05313161375661375 0.045064484126984126
0 0.7329166666666667 0.5440029761904762 0.06833333333333333 0.05160218253968254
3 0.8163095238095238 0.4518328373015873 0.08457010582010582 0.05324404761904762
3 0.829077380952381 0.31744791666666666 0.09593253968253969 0.06742063492063491
0 0.6222156084656084 0.3714732142857143 0.05947751322751323 0.04130456349206349
3 0.6460548941798943 0.49657242063492063 0.05755952380952381 0.06567212301587302
1 0.763478835978836 0.1642361111111111 0.039980158730158734 0.03514880952380953
2 0.6776686507936508 0.1963541666666667 0.06647486772486773 0.05389632936507936
1 0.5822123015873015 0.13627232142857143 0.04605820105820106 0.0367906746031746
0 0.484375 0.3938963293650794 0.07049603174603175 0.06014880952380953
0 0.41150462962962964 0.4639831349206349 0.05430224867724868 0.028244047619047617
0 0.4865873015873016 0.49637152777777777 0.0569675925925926 0.04151289682539682
3 0.21718253968253967 0.7082291666666667 0.07693452380952381 0.049662698412698415
2 0.23708333333333334 0.6262574404761905 0.06834986772486773 0.04140873015873016
2 0.27138888888888885 0.4101388888888889 0.0628207671957672 0.05517361111111111
2 0.37625661375661373 0.2584424603174603 0.0657473544973545 0.05028769841269841
1 0.11885251322751324 0.5464310515873015 0.0355026455026455 0.027177579365079366
1 0.5313822751322752 0.23572668650793652 0.039328703703703706 0.03544394841269841
1 0.4444874338624339 0.18975694444444444 0.033505291005291 0.032135416666666666
1 0.2405621693121693 0.19517609126984128 0.042612433862433866 0.030711805555555555
1 0.16577380952380952 0.2797668650793651 0.049113756613756616 0.03879712301587302