2 0.720214947089947 0.38305555555555554 0.0630489417989418 0.05410714285714286
2 0.7988293650793651 0.3454596560846561 0.06756613756613757 0.05645833333333333
2 0.18188492063492062 0.33691468253968254 0.0765376984126984 0.05697751322751323
2 0.3857407407407408 0.3427744708994709 0.062440476190476185 0.05911375661375661
2 0.5249007936507937 0.35058531746031746 0.06008928571428572 0.060515873015873016
2 0.8388657407407407 0.6103505291005291 0.07318121693121693 0.05954034391534392
2 0.6118154761904763 0.46875 0.06756613756613757 0.05889880952380953
2 0.344239417989418 0.3105456349206349 0.06063822751322751 0.06500330687830688
2 0.33349537037037036 0.6523445767195767 0.07104497354497355 0.07104497354497355
2 0.4145502645502645 0.44726521164021166 0.05624338624338625 0.06536706349206349
2 0.30639550264550264 0.5537103174603175 0.06952050264550264 0.05706679894179894
2 0.7685548941798942 0.5961904761904763 0.05813492063492064 0.06768849206349206
2 0.6210945767195767 0.5683597883597884 0.05801256613756614 0.06488095238095237
2 0.6210945767195767 0.6630853174603175 0.06118716931216931 0.056855158730158735
2 0.797850529100529 0.6958002645502646 0.06671296296296296 0.060211640211640216
2 0.48315476190476186 0.48657076719576725 0.0646362433862434 0.05987433862433862
2 0.37719576719576725 0.5068353174603175 0.05612103174603175 0.05941798941798942
2 0.24731481481481482 0.5278306878306879 0.0634755291005291 0.05911375661375661
2 0.19641203703703705 0.5346693121693121 0.04995701058201058 0.05340608465608466
2 0.5234391534391535 0.5239252645502646 0.05899140211640211 0.05911375661375661
2 0.48071428571428576 0.6147453703703704 0.0609755291005291 0.061309523809523814
3 0.5170899470899472 0.5825198412698412 0.06890873015873016 0.062225529100529094
3 0.7078439153439153 0.5631547619047619 0.0655191798941799 0.06524140211640211
2 0.49390873015873016 0.7233432539682539 0.06699074074074074 0.059196428571428567
2 0.3950727513227513 0.7249041005291006 0.06340939153439154 0.07445436507936508
3 0.09407407407407407 0.2907374338624339 0.06559193121693122 0.06566798941798942