0 0.37109457671957674 0.5424801587301588 0.06392526455026455 0.05398561507936508
0 0.4453141534391535 0.6850595238095237 0.05834986772486772 0.031922123015873015
0 0.5527347883597884 0.5527356150793651 0.05053571428571428 0.025558035714285714
0 0.5218088624338625 0.5131845238095237 0.07527777777777778 0.04922371031746032
0 0.4895833333333333 0.46606398809523814 0.05497354497354498 0.029585813492063493
0 0.4355456349206349 0.47753968253968254 0.049765211640211644 0.03027281746031746
0 0.3955092592592592 0.6791989087301588 0.047648809523809524 0.02970982142857143
0 0.40494708994708994 0.6298834325396826 0.05794312169312169 0.04400545634920635
0 0.593098544973545 0.6787103174603174 0.07014880952380952 0.05261160714285714
0 0.47721230158730155 0.5791021825396826 0.07055555555555557 0.04733382936507936
0 0.6155588624338625 0.6225595238095237 0.059368386243386244 0.033477182539682536