2 0.15075727513227513 0.40234457671957674 0.08477843915343916 0.06610119047619047
2 0.2890641534391534 0.4868154761904762 0.08135912698412698 0.06695436507936509
2 0.34057539682539684 0.5703141534391535 0.07238756613756614 0.062103174603174605
2 0.3679199735449735 0.3515641534391535 0.07055555555555557 0.07501322751322752
2 0.8159193121693122 0.5703141534391535 0.07434193121693122 0.06109457671957672
2 0.5458994708994709 0.5688492063492063 0.07305886243386243 0.06488095238095237
2 0.44360449735449736 0.47192460317460316 0.07080026455026454 0.06915343915343916
2 0.6943353174603175 0.6381845238095237 0.08728174603174603 0.06475859788359789
2 0.31933531746031746 0.6479497354497354 0.06903108465608465 0.07434193121693122
2 0.41748015873015876 0.609864417989418 0.07666005291005291 0.0633531746031746
2 0.6191402116402116 0.4714351851851851 0.07080026455026454 0.07263227513227513
2 0.42626984126984124 0.37109457671957674 0.06255952380952381 0.06817791005291005
2 0.5747056878306879 0.4169907407407408 0.07263227513227513 0.06719907407407408
2 0.43359457671957674 0.5429695767195767 0.06622354497354498 0.07666005291005291
2 0.687989417989418 0.4558101851851851 0.06903108465608465 0.06610119047619047
2 0.5571296296296296 0.6918948412698412 0.06817791005291005 0.0790410052910053
2 0.7456051587301588 0.41870039682539684 0.060760582010582015 0.06768849206349206
2 0.47192460317460316 0.33715939153439156 0.06030423280423281 0.06817791005291005