2 0.41430555555555554 0.6503902116402116 0.06488095238095237 0.05654761904761905
2 0.2761243386243386 0.6357407407407407 0.07092261904761905 0.062225529100529094
2 0.32348544973544974 0.5874007936507937 0.06634589947089947 0.060515873015873016
2 0.343260582010582 0.4645998677248677 0.05877645502645503 0.0646362433862434
2 0.6752943121693121 0.43383928571428576 0.0635978835978836 0.05749669312169312
2 0.594239417989418 0.49682539682539684 0.06707671957671958 0.05822751322751323
2 0.23901455026455026 0.49414021164021166 0.05099537037037037 0.061646825396825394
2 0.5390641534391535 0.3886706349206349 0.06854166666666667 0.06109457671957672
2 0.5190443121693121 0.5073247354497354 0.0609755291005291 0.056855158730158735
2 0.844239417989418 0.6201157407407407 0.07489087301587302 0.07250992063492064
2 0.45922949735449736 0.44628968253968254 0.05261243386243386 0.05877645502645503
2 0.36059523809523814 0.7270502645502646 0.06524801587301587 0.0765376984126984
2 0.5141600529100528 0.4482407407407408 0.061309523809523814 0.05560185185185185
2 0.2919907407407408 0.4892592592592592 0.05822751322751323 0.07238756613756614
2 0.6337896825396825 0.3698743386243386 0.05389550264550264 0.05541997354497354
2 0.46997023809523814 0.5385747354497354 0.051941137566137566 0.057189153439153435
2 0.47460978835978834 0.7314451058201058 0.05966269841269841 0.06952050264550264
2 0.4118650793650794 0.7529298941798942 0.05932539682539683 0.06524801587301587
2 0.7924801587301588 0.5273445767195767 0.06255952380952381 0.0634755291005291
2 0.6967757936507937 0.5849603174603175 0.062103174603174605 0.06866402116402116
2 0.6000992063492063 0.7709953703703702 0.05920304232804233 0.06805555555555556
2 0.5410152116402116 0.733399470899471 0.06781084656084656 0.0784920634920635
2 0.7929695767195767 0.5849603174603175 0.06188822751322751 0.056855158730158735
2 0.6943353174603175 0.6616203703703704 0.060760582010582015 0.06475859788359789
2 0.7524404761904763 0.6704100529100528 0.06683201058201058 0.05987433862433862
2 0.7465806878306878 0.5581051587301588 0.05749669312169312 0.07055555555555557